4 167 214 45 274
4 168 281 35 33
3 34 284 266
3 0 174 152
3 108 53 242
3 296 244 250
4 275 230 118 84
4 99 29 248 130
3 216 121 154
3 41 146 104
3 180 204 31
3 87 271 126
3 184 102 289
3 164 185 142
3 54 241 292
3 116 28 106
3 85 128 141
3 110 217 238
3 249 68 256
3 88 14 264
3 212 40 59
3 72 239 78
3 103 11 280
4 4 172 20 65
3 8 82 43
3 7 111 115
3 80 207 120
3 134 50 182
4 75 202 199 183
3 286 243 262
3 299 295 288
3 294 157 51
3 246 258 100
3 148 209 252
3 24 89 293
3 162 254 145
3 159 122 67
3 210 170 233
4 203 64 255 179
3 133 26 55
3 62 27 297
3 259 158 228
3 220 222 155
3 161 236 206
3 136 298 17
3 276 197 69
3 127 3 176
3 260 177 279
3 13 61 47
3 92 163 66
3 58 268 71
3 137 114 49
3 193 160 251
3 95 73 123
3 227 237 97
3 290 140 231
3 218 191 215
3 15 86 192
3 225 109 1
3 56 117 272
3 273 48 37
3 150 253 30
3 144 195 186
3 187 101 278
3 74 23 135
3 18 22 143
3 107 10 149
3 105 190 194
3 171 42 178
3 263 269 208
3 38 6 240
3 285 25 151
3 261 119 77
3 267 147 94
3 60 201 169
3 125 131 173
3 200 283 153
3 57 70 270
3 63 76 189
3 198 90 229
3 44 83 247
3 19 93 257
3 156 235 46
3 129 287 52
3 79 98 234
3 245 138 132
3 213 16 221
2 226 112
2 21 181
3 166 205 36
3 113 81 211
2 232 219
3 91 5 9
2 224 265
3 188 124 2
2 39 12
2 277 196
2 96 223
3 32 139 165
3 282 291 175
