93 9213 3729 8053 565 5300 5244 6994 3949 8617 6582 7692 3573 7481 720 44 6743 4761 2849 6986 8579 8094 2295 9450 2096 489 3058 9528 725 3052 8297 4267 3602 1468 5667 2033 1111 117 4190 6349 5526 7427 4867 7371 2200 4498 7243 2527 5111 228 3249 6041 6399 2943 6021 2486 9046 3944 1579 3901 2713 8093 1382 5822 7017 9347 9092 5953 5727 1286 7322 5555 7358 5841 8597 4022 3412 2696 5351 5041 8060 8910 1307 6781 9609 1532 8655 1890 4643 5860 6118 6323 1640 2358
95 7706 3248 4130 4981 9466 5189 8298 7354 8575 2416 7146 570 1003 6144 5886 9374 1139 9246 545 4144 7396 2659 6421 8273 9837 1141 249 6355 5050 775 7655 2372 9726 8127 2140 6055 4621 9576 5552 3093 9786 9637 1095 8756 5038 6837 3566 6429 3484 7339 2439 9056 3354 1974 2263 7685 7853 8391 2680 839 8758 9162 9154 1001 7095 349 4538 2482 1438 4699 1268 6258 4137 8390 7544 6191 2733 6926 4960 7734 8566 5375 5478 9459 3319 9434 8968 6930 480 8278 2087 5260 2057 7628 278
92 7766 6074 3701 7830 6260 206 6473 4225 2979 5572 5091 5025 597 5643 4213 7158 1608 8061 4059 636 9935 7099 6811 8201 5810 4342 131 7687 1831 7840 4812 905 5950 8438 6988 7182 7444 8856 4902 6869 6733 9641 8445 5631 8737 8815 6342 5431 8235 7711 7938 7512 8516 7965 2890 2259 4004 739 2606 8238 270 1502 541 6136 9159 751 1704 5909 9608 9746 1220 2234 7029 5141 6110 8704 7837 6491 7551 4499 2533 3662 6746 17 3804 3553 604 4490 409 7978 1942 1542
94 2636 5961 4017 9407 7148 7974 8287 5103 2003 8343 2554 4209 610 3722 6022 9123 398 434 9173 1228 5616 7947 2535 6900 6245 2813 8602 16 7751 4911 3145 8747 8596 5522 8528 6793 6134 2694 7040 561 4116 2354 2342 7321 772 30 5004 4769 2135 3588 6063 7216 1645 6992 8746 1402 2420 9695 756 5209 5536 4310 8116 7429 7071 251 939 8615 3428 2095 806 1879 792 5971 5869 7221 4982 9552 1522 5639 8963 1509 2337 6903 7940 3752 1370 433 8574 8546 6198 5181 8608 9583
93 9274 5071 5155 2307 6143 4271 9011 9519 8584 6383 20 9693 4489 8983 2870 8452 6643 2225 1035 4253 7395 2904 5632 3748 8962 2594 4268 7225 4103 2419 8211 154 9854 7670 9497 6708 1152 1472 4945 8822 8592 6363 8144 1476 2498 7153 901 4028 8771 1106 3934 6395 6989 8868 6353 6313 7063 7144 3806 2309 9442 76 3085 7497 3507 4732 8504 2953 5672 9142 161 254 3282 6602 6101 2332 1755 1870 2069 5498 8047 450 1973 337 6433 1491 3405 3740 9527 3165 1120 3044 6552
93 574 4162 4672 6569 8922 7283 1759 2133 4637 5583 8271 5591 2940 9050 9291 9900 8798 8914 816 6081 6514 9403 7613 8488 7737 5335 667 9973 4758 6310 5064 6557 9873 3127 2942 4195 256 7356 7091 9596 878 1736 9626 4536 934 7028 2037 9148 5777 8344 8393 951 3016 9063 9730 546 144 6680 1842 3182 9131 5746 5453 37 6856 674 6225 4185 3053 3984 7639 7271 4199 5302 3170 5420 2092 8179 6659 439 6362 3697 8464 5460 6084 3948 8252 7361 1878 9638 1630 1037 7705
92 1523 5670 6751 418 7727 1170 2290 4172 7355 8362 6767 4629 12 269 1279 1006 4323 4539 5992 6090 9508 8544 9526 6607 4227 3117 7172 8342 6586 3251 11 2028 6739 5109 4627 6857 3940 9593 9465 8187 1930 950 549 3907 9207 6947 5512 4217 8743 250 9592 2179 7112 5161 8942 5274 5371 9103 171 7787 1985 5838 3819 1917 8005 5890 6495 8007 2428 8987 2407 6154 8113 383 3011 3847 8686 2889 5383 1884 5040 8974 8776 192 3237 6935 5622 6209 2950 579 1520 7140
94 7030 1248 4529 6789 990 3210 1 8573 6142 1738 2857 1193 5531 4755 3887 53 5736 6494 4205 3082 4403 2127 5198 5496 7886 4547 2634 292 2164 4014 7053 6756 9679 508 3918 3583 3091 5142 9763 2587 7420 2976 2328 34 2059 6416 1733 282 9784 1527 5930 4525 6831 8013 1958 411 5251 6455 2651 2711 2283 6634 6868 1237 7415 9284 6568 58 4954 2714 6671 1338 2755 5013 9832 9728 3040 2893 1283 7052 9880 39 4232 7620 8111 947 5955 6901 6479 306 5137 220 6795 1207
93 5439 2650 923 2895 7846 8814 7669 3533 6579 3064 9035 9674 1158 8435 2774 120 1516 6214 4515 9096 5308 3632 2777 8850 7507 7913 9703 1209 8317 7752 9864 1487 1374 4694 1639 2162 2838 8548 3993 152 1914 3924 6783 4315 2488 3768 6469 8469 6474 2986 322 5234 9595 948 9946 2628 2785 5029 2826 6917 4712 5 2500 2282 668 3668 4493 3767 7627 3222 8089 2736 1175 5671 3866 3092 9262 589 8713 9701 6617 1298 9482 4121 2078 4251 8454 4518 6232 1782 8291 4012 1543
93 5497 6264 7135 261 583 5443 1887 6102 4360 167 6316 9365 359 7745 4457 6411 8804 3415 8993 4918 4521 842 895 5233 1781 3201 3649 8639 3375 3246 4657 6916 588 8977 172 7228 5729 6346 4146 3332 3467 5688 2877 1277 9992 5863 994 9140 3260 7599 2075 5241 1230 5356 3600 7074 3106 4462 6053 8282 1903 2137 8718 3107 5398 3928 405 7488 9630 7944 110 2383 2139 9227 5343 1103 6945 2352 8607 961 7441 1739 6549 2053 6115 1721 9666 4485 4132 4845 9350 7760 6683
92 4400 1379 2215 8425 8900 6261 3224 8536 3273 6151 3594 8978 5223 9670 2933 4402 5580 8726 7121 189 826 4704 7366 8097 8159 8570 5106 4516 8039 1600 6646 7580 4787 65 5570 6525 931 2581 4908 8702 3657 5558 9894 5901 5151 2875 5533 1475 1464 8979 6921 9027 6918 1643 395 9332 5327 52 4920 4968 4932 8883 7761 7194 4423 1223 1679 9394 5556 1646 1674 4183 7174 7838 8451 2746 802 9130 5812 5954 7282 9240 2293 1874 8630 8981 8865 6238 5005 2588 7635 43
93 1345 8552 3815 9322 9193 8174 1634 6401 49 3599 1229 2580 5781 2964 1810 338 9174 6141 1944 9344 2014 2611 4891 8349 2982 7239 8479 3611 2258 9345 6571 2271 590 9617 6611 5401 8937 1586 9581 1164 3227 9329 7037 3777 3486 6674 2243 1451 6180 2595 3881 1792 7233 6356 4604 4697 554 4528 1149 374 5374 3101 5952 6095 6941 9945 9999 4437 92 2322 7832 3039 3279 272 1772 9574 2583 4527 9901 953 3987 4056 9664 6851 615 5089 9931 1116 3068 2224 7036 944 6283
93 336 1533 6071 6630 2088 8716 3797 8171 2974 6263 6923 3129 894 4248 8911 7979 2022 2083 3377 5079 2504 3754 4839 2678 8828 1466 1745 5184 5839 1685 7801 4825 8259 5637 7109 3961 5162 6592 5793 1919 5009 7447 3289 4380 1623 7890 1295 1050 1719 9352 5861 9402 4833 5511 4147 7833 6061 8040 2905 6679 2463 3180 4989 4617 766 6192 8480 2512 6348 8904 5922 3449 1548 7299 8562 3584 9180 2697 211 3846 9551 9874 6544 5856 7376 3633 3896 2992 7136 8549 5504 4492 8950
92 7499 572 1610 5193 4198 6583 7675 7538 5968 4151 5696 6747 5837 2707 1211 2194 4883 8949 7 4455 3718 3307 3385 2996 1326 1019 2433 5057 9167 8785 6298 8258 9537 4921 1964 8728 9878 6799 2747 2291 5708 8690 6001 1064 4530 9031 8781 3859 8115 3628 9613 601 3520 3945 3889 6734 2448 7357 3441 4369 5485 7768 8525 1652 8474 9353 1414 9356 6863 8090 9809 5694 1282 1041 4639 6605 6456 8975 1690 6000 2361 8826 1578 6059 4558 5844 9570 8461 7365 6616 7474 3791
93 240 9855 5192 232 9307 2741 1125 8526 4514 9798 8943 1555 7200 4931 2253 3664 8605 114 1418 2161 7374 7212 5126 3163 7793 7879 897 6073 7127 7651 3152 9713 5990 6076 829 9330 2884 1603 4597 7082 642 7294 7633 5362 8581 9256 9489 6585 8098 9297 1195 8319 4123 8129 150 6875 8657 1753 6008 4102 507 3962 7753 9753 9038 8572 8313 2601 5037 4765 8889 4292 4459 4749 1908 9020 7520 6303 494 1991 9960 6678 6565 4047 4283 8853 2726 1868 7106 2145 2671 9683 9915
93 3692 3099 5798 4656 1183 8805 3028 6865 2638 6697 3857 7679 3003 7539 7352 353 2556 8906 9285 5644 4115 7346 5298 1034 9400 3686 2131 312 6324 7724 2670 5999 9120 9216 5206 3494 7435 2973 4155 1040 7189 2758 2349 6960 5714 8725 2977 2528 3080 1941 7956 4701 8503 8125 2704 3211 6823 2796 6246 738 1325 7701 1301 163 2603 8108 3235 3280 2661 1271 7167 6762 1088 700 5539 9899 7740 859 1380 7546 9271 9436 9283 6252 3513 9827 6668 1712 1498 9242 2371 8734 4477
94 5314 9435 1091 7319 9218 4196 9106 8626 3849 7574 6897 5438 435 3296 4573 5418 1157 5357 6012 6094 8511 3103 2708 7105 8551 1059 3710 5087 1043 201 356 6465 7700 9813 2951 1927 6447 9441 4390 2192 5940 2944 5377 9575 785 7006 770 8026 5972 4266 4139 8495 8980 9273 2506 3365 9499 3329 6292 8799 2559 23 4870 4035 202 8680 3840 6991 9187 7267 6325 2093 5018 88 5271 5355 9545 3966 8058 4303 8538 6958 5911 2783 8675 9313 7621 3746 781 1236 4150 6970 4737 3420
92 9780 9615 4818 6761 5426 1399 8507 5983 1219 4479 2959 5499 4255 3475 6080 7186 4996 1971 476 258 7611 9614 8845 741 6845 6639 8487 8611 215 2284 213 9926 2700 4956 8959 7340 3303 3421 9474 9601 1796 6166 5213 4863 2172 2789 1535 4550 6714 3209 7798 7457 9787 1099 2062 718 9439 3943 9744 6555 1343 9850 5461 6389 1602 5813 3345 5674 4841 6706 3986 8067 9783 7888 1254 5695 825 6965 4069 2751 7188 4979 5032 2335 2502 1519 7718 2399 3867 8120 8600 5035
93 710 7725 5429 3060 165 4820 3562 6048 731 5135 6861 3355 4679 3264 8220 7763 9079 6075 3540 7453 9599 2077 7108 32 5330 3382 368 7649 4347 736 7553 6369 6259 5219 4677 9705 1987 8583 6394 8433 682 5287 7375 7047 8192 6961 1867 3008 8689 4036 6581 4164 2591 3627 4750 8855 2523 3086 1241 7717 9820 1849 2524 2269 5894 4720 2926 2147 168 7242 6370 386 5130 6105 7709 158 9492 3593 326 1774 528 4938 6150 1926 7245 8004 5521 5597 1334 1400 6967 7867 1142
93 1147 5502 2336 1455 5835 2911 7899 5609 4465 9548 2690 8477 4262 3765 7926 6123 8721 9517 424 8669 98 8833 7405 9777 8752 6891 3818 2394 4856 8161 8042 2896 2285 5451 5066 4256 2281 401 8284 9058 9160 6482 7629 4361 8062 4178 2547 7929 5405 573 9804 5075 5105 3568 3411 2856 7941 1488 9699 734 6666 9605 9578 6709 2513 4582 2250 2002 9245 8154 898 6160 9392 6195 5895 9525 1855 5448 4578 7804 2503 1777 4418 1029 6508 146 3175 1104 8156 4741 3116 6087 2722
93 6686 4194 9987 3830 3897 1245 1583 635 5737 5403 358 8803 8257 5480 5749 9373 521 130 9622 2688 3835 9799 2310 2934 7298 5851 4855 8956 9370 800 7854 99 9586 2123 9141 3974 7560 7372 471 3734 5092 4159 4865 9696 900 7934 5477 4062 7720 4955 680 4605 5412 3259 7598 9114 3827 8621 8001 6740 5501 5554 1922 3670 301 2921 8735 7920 7802 3994 6527 4109 823 319 2475 7602 5831 6006 1881 7292 388 3704 6658 4595 3498 2117 6717 4513 6850 2005 7519 1285 4371
92 3545 1413 5065 4299 2550 6109 5376 8934 1030 2811 1028 4220 7046 8731 3386 4603 4175 6993 2861 9301 6457 699 873 2776 3774 9585 1825 8028 8886 4237 5230 9342 6039 812 253 9712 4269 6723 7013 7149 6444 559 6542 4709 420 9306 6434 4140 4204 6867 3927 6368 4624 9947 2545 6380 771 6308 3360 5427 8677 556 4793 5948 2267 3693 626 1857 8170 9368 8168 7206 1429 2564 1899 7673 3813 2729 5593 305 1709 3554 331 2469 9176 4508 461 8795 5183 5819 9806 4108
93 779 2386 9978 6167 3503 421 7446 6622 7765 4799 3434 6064 8409 2625 5337 1000 6037 4179 3673 7529 7379 2530 6187 7009 7263 7388 8627 2984 5305 4512 2252 6801 15 9538 5493 6715 260 6164 3162 4847 791 7605 1785 9317 7834 7996 4540 8481 3655 7842 2742 3102 8119 4257 3769 2158 9862 2201 2305 7076 9006 3536 3352 5828 2820 9896 5165 2255 6317 2928 1431 2596 1494 1264 1913 9539 8772 3637 658 115 1732 4234 3505 3217 8824 6177 1078 1932 3009 7572 3400 9732 7696
93 1886 534 3452 1694 7554 6035 3083 945 9704 8976 2652 275 8941 6804 7967 737 9803 2771 6234 5945 5821 3743 1027 8193 997 1711 2362 2240 9464 7528 4203 4473 3417 6664 5665 4068 8426 2265 2990 9718 5759 592 8244 6895 3480 7041 2607 3860 7532 2888 7487 3087 5159 1893 9487 5341 8556 3972 438 6424 3864 4416 5144 638 5229 9266 1406 8522 1544 2609 6822 4618 6374 4978 9048 2251 6079 5115 7800 2641 6133 9877 4117 9241 7901 7712 8842 8964 3078 3951 6185 2163 7772
94 7973 8234 6158 8386 6390 6498 5754 5913 9968 9 2308 3119 2477 2647 550 1574 4358 4823 6742 5125 5428 8957 1511 2752 4645 5365 4532 1654 5919 5603 1811 6724 8644 2518 6458 5022 6759 6722 1538 1897 1826 515 3234 2360 415 794 3015 8385 2494 1725 6696 7883 5358 7198 1132 7085 1735 2693 1748 8673 9185 634 3858 2827 1698 4160 8055 871 966 4405 4148 9295 4804 7192 5673 2257 286 4642 74 2867 1060 2929 9389 7987 3570 1540 8877 68 5471 369 6819 7641 7524 6886
94 8363 539 5399 5826 1982 8324 5799 1695 3917 1290 4181 4963 394 8647 6244 624 2242 3098 5231 7815 937 2064 8733 3634 6045 357 4327 2249 9520 8896 170 267 8794 5942 973 1661 9849 8954 5782 7139 5255 6432 4173 5259 1968 7733 535 9349 4259 7364 2366 1200 1387 3438 991 7253 4723 7781 3314 1118 478 9675 5171 5118 5582 789 495 6768 9833 4886 4625 7971 5387 4778 1181 5701 498 5289 903 7004 3036 2909 5721 4703 5646 3531 754 9396 1039 8016 3639 8692 6267 9458
93 155 3050 8079 926 1823 4522 4307 9253 3714 9203 4993 7078 6450 2345 426 247 5715 1798 2885 3176 4924 593 1861 1834 484 6462 7569 493 3396 2863 7163 2712 8940 5989 7921 6403 5101 9073 2541 7790 7915 221 7823 4345 8202 5275 1701 2637 9925 8033 671 1614 7467 5929 753 2289 5279 2125 2878 5476 9943 8683 1697 6206 8537 3676 3301 7874 9840 4454 1760 7975 5423 8961 5316 6838 1127 7957 8953 6072 5693 7315 3888 6190 4124 4609 2669 8223 6580 9229 2480 8087 5024
92 1460 4495 8599 3190 101 4287 2449 2585 3214 6496 7600 7291 4531 8710 6656 8135 1377 7937 8559 393 1366 347 8869 9998 9740 4620 7116 6025 185 2409 2557 5370 9289 6689 8825 2180 6663 1790 5766 7478 587 4600 6516 9109 6955 5550 1909 4263 8186 1363 6721 9513 9260 9010 6937 9077 7027 3022 7190 4888 2994 6272 8709 8945 1988 4052 4010 8557 9876 1085 9847 1749 7403 6652 707 6243 1032 4760 9074 5063 9891 1970 8892 9445 2368 5613 7217 5991 6618 1305 3054 6517
94 4733 5941 9724 1381 814 2947 3440 9698 2039 1521 128 413 5261 5344 5773 6567 4738 1478 1632 4986 5524 9631 5044 581 316 9036 5600 9618 9337 1948 1474 2981 431 2720 3926 179 7530 5283 5802 9078 9825 145 8255 1051 2026 3216 2148 5578 2203 5939 4774 2051 2825 4250 749 7032 9015 1966 1007 1071 8567 7111 2508 2991 9202 6906 4523 6623 4647 5007 1450 722 7869 2507 1628 6437 6593 8336 8766 8225 1647 6990 6543 4686 4446 475 212 3113 3448 757 4612 5969 2318 6155
92 8100 3183 9967 5148 8697 8681 4381 3404 819 743 8901 8529 8121 7014 419 2683 9923 774 3908 2542 6998 3132 847 5728 4594 3334 6647 6749 5215 8101 8283 1225 778 3959 5765 886 2367 892 7003 8753 6175 5363 8415 3658 6736 7556 2571 5651 364 4328 6599 7201 6062 4049 1622 5924 7316 1611 6836 8765 9118 4027 8589 8194 3229 3675 5680 7485 8155 1962 9554 5450 6130 2793 9515 7693 3277 1202 8838 4952 6810 9304 4592 5858 2862 5016 1688 2440 2408 4991 5887 4922
94 1137 9128 5880 9636 6398 6228 8429 7775 3346 4076 3871 136 527 2841 2402 7522 1013 4716 5807 7220 7308 3073 3688 1222 7542 6548 3395 8498 6610 1177 8829 9211 3213 1830 4440 4032 5658 5360 4474 2080 3997 1839 9488 1074 7657 6702 7387 3541 659 1352 2971 8918 1746 4365 5917 4751 8088 8199 6973 1481 512 971 5150 9481 8466 6257 7736 135 2936 1562 6915 3989 8358 7989 6978 5958 1911 289 4100 9911 4837 4815 9610 8446 4414 5809 3373 5488 1427 4133 5070 9309 3147 4093
93 9686 5850 2213 6295 4502 5684 467 5716 4714 9281 2443 3741 1140 5739 8374 8812 1829 4948 4016 9716 1042 5630 5893 2912 9805 503 8240 7031 1653 6254 7018 576 3128 7157 1565 8780 2076 523 8688 5605 8221 7234 2410 8228 7382 265 3564 8350 5479 9700 3613 8295 6376 5584 7002 5430 5248 4231 9919 4304 242 3195 7336 5604 7595 5084 3133 6451 6484 7757 987 2821 8308 2881 6608 4494 9315 1939 6547 3444 4813 5014 8045 712 6633 7508 3422 7521 5177 1659 9161 4586 8304
92 3869 7756 9681 651 6365 6931 9071 916 9017 2280 7778 4635 8884 6409 6320 1668 8012 2978 6251 5409 3677 1526 4254 3336 4985 7249 4669 6208 5447 6213 5235 4524 3262 1998 6657 2672 3225 9650 229 1090 133 5402 9795 4031 6038 8663 5152 2204 5627 2233 4020 9859 7863 5270 9150 6226 4735 137 7872 5320 4630 4321 3595 3399 8131 8750 4567 9449 5557 5446 4409 6505 3607 3695 4824 5416 2016 1585 1854 2537 7908 9584 1686 2072 7184 5760 2317 66 7806 5345 4674 8268
93 9954 5440 9175 7154 1916 4585 8077 4919 4980 4876 7624 4332 5474 3228 7607 7668 7893 5814 8489 2970 7505 2643 6806 1662 8473 758 7933 5585 8340 3669 4167 4218 2632 8491 6152 8424 6339 5318 6888 9812 2380 8806 4878 2956 4334 4112 397 4576 105 4435 5006 7369 9085 7472 5328 1696 9233 1467 9221 7638 8160 4506 8410 2560 4715 3981 4417 5881 9388 5548 2966 0 5149 4925 4071 5495 3247 7265 988 2675 6483 4422 2415 2113 811 2143 2769 3995 3108 1212 5931 9252 3785
94 4476 3778 423 1026 3226 3490 5607 4375 517 2470 9268 9257 9706 8564 2058 1888 8176 2453 6033 367 4905 2955 4566 4900 681 6817 9108 5936 8360 6827 2621 8944 8967 6835 9933 525 5614 3932 176 3242 835 1801 5465 9647 3646 1723 2536 9375 4722 1524 7118 7575 7086 4293 8316 6288 8648 372 8919 4425 6890 1566 8568 6086 1480 833 1437 955 35 7514 4678 18 2347 2487 1596 1388 7436 9662 2273 8328 396 7502 9277 7440 1433 3532 148 1490 2438 935 8124 7907 2216 7398
93 2578 6492 7224 4258 7952 2006 3067 3025 9059 5960 6731 6290 3065 9069 1905 714 9758 9479 6735 764 5679 936 6898 2007 9484 7419 7847 970 1101 2315 6976 2798 9490 5626 7205 3309 5868 6464 3027 5518 9682 2254 8676 6936 2052 1642 1996 455 2268 2931 848 7968 464 3344 9654 6984 9122 6173 2400 9302 469 3070 4556 9057 2703 6589 1786 140 9872 6573 6220 1751 820 3200 4849 2301 3923 4484 4967 6786 9560 5102 3466 1791 7811 9962 7571 2451 9235 6637 4718 4844 2633
93 5207 5650 2296 9460 4872 4298 6438 9727 1411 7896 6124 422 1054 293 1606 2081 1231 2561 824 9107 6375 3153 9194 6013 2019 3023 4667 2822 1425 3124 1563 1536 8269 2303 9018 2222 6650 7176 9468 783 7506 5903 9661 3511 2483 2292 3267 946 8836 6489 5547 9238 2068 840 9378 5395 8085 5635 3796 6309 3724 6523 3885 3915 3508 4589 2112 59 8136 8712 5349 7914 425 4061 4373 2612 4441 7230 8277 4280 3460 7069 8428 989 6792 183 4734 3268 7596 4324 7044 1595 3205
92 7479 6719 4575 5633 8817 1114 437 2199 9543 4858 5284 2718 4602 4994 5104 992 284 5185 6321 6914 5078 7764 2709 8256 7261 328 7156 3453 8400 9043 2525 7828 3063 542 8531 6218 1846 2495 8493 3582 5307 3514 2887 9397 8894 162 703 1670 1889 5974 69 3318 2151 6265 1196 1358 9009 1844 5396 7302 9310 884 2221 3809 113 7894 7425 5589 2388 8682 8629 7490 1660 2211 8748 8633 5404 5686 4278 9974 8472 1990 7214 9259 6359 3144 6500 9087 84 6693 2954 5464
92 1360 7068 9386 5840 3681 2715 8106 5000 1148 6830 2082 8419 6545 9204 70 4899 6797 9667 6210 2214 4698 9363 3638 3384 4202 6113 4590 548 3408 9083 3891 8729 9183 3188 9467 7054 3506 511 291 1122 7566 1525 5668 3185 6302 7284 1989 7826 38 5077 8143 6132 1130 9016 8601 7759 4187 6270 1776 4436 3059 7359 2119 5505 5196 406 7344 5900 1915 8660 2673 6854 6812 4680 3489 3388 2589 1497 746 1154 612 7089 2217 8708 5638 1762 2922 7160 2654 4633 4569 226
93 6436 2499 3203 1794 5947 7093 7844 3094 8009 9002 443 5620 2847 6787 6181 4687 2845 8276 8999 5407 9504 9111 580 2685 5469 3364 4859 3720 3426 5227 1339 6278 342 8335 3878 8024 6820 678 7466 5811 1426 5912 6461 1860 8903 958 3206 7612 6028 5023 7104 930 2515 9893 3851 9640 1288 7870 5561 5172 9384 2436 3250 5315 9323 2401 1716 1901 5210 6529 7350 9267 6408 9985 4599 4790 9979 3026 6526 9410 1671 2851 2471 7774 1880 6725 8303 9387 1349 8364 1201 3955 4019
93 5472 1117 7694 8624 5598 3062 2760 5352 311 4466 2865 2417 960 9001 6629 7129 6590 6858 8253 9611 3645 1883 1972 143 2725 6846 2676 2829 1624 7418 9429 7993 7960 6065 5876 6977 759 5128 1714 6096 7721 4664 3698 8359 1689 6410 768 9414 8632 9757 4395 1470 4223 5072 6964 2866 8264 8412 8659 1722 8455 6011 3650 1564 1011 1910 6821 4914 1302 9930 3402 3810 9196 4105 6493 8422 3549 8848 7177 1821 4447 7151 932 7407 7295 7386 6332 1036 7097 3764 883 9230 6537
94 7747 6893 9189 175 9269 3509 7210 4118 8021 6406 8720 6655 6551 1515 9324 1729 7909 4533 6357 363 63 828 6114 4034 6595 8370 2454 2441 7460 8145 6135 2809 1166 6864 5648 1658 7776 3527 4836 6802 3504 5546 9995 849 3096 4802 4767 5297 1708 1912 1244 8076 5264 6017 942 7981 5774 5662 6382 4281 7730 7563 3233 8398 8672 1020 4942 3808 5218 3624 9927 4066 2968 5180 9883 1571 8502 6642 2054 9172 77 1950 5915 8395 8245 6513 6029 3761 6384 8543 8309 3870 1409 6207
94 5003 9288 1629 2664 1631 2750 6385 7954 5833 4135 3017 8029 3121 8133 4816 9205 4987 4526 2206 3297 5463 458 1818 959 8897 9248 8247 8112 6285 5655 7142 8226 6784 3703 6138 1197 2568 7739 222 9673 2392 6241 3900 3548 3980 1673 6386 83 3766 3935 2184 4561 6785 7864 762 6415 4843 2329 1415 3125 5551 3310 6460 969 8645 7496 1637 5492 5815 5458 126 2270 8667 3257 379 3942 8711 9367 6282 7667 9385 3592 7788 8996 4949 5366 6032 4562 8619 2619 1280 174 7022 6983
93 7389 1227 87 67 1077 4831 3812 8560 993 6982 9051 9121 1934 366 8520 7523 1165 7020 2604 3618 3547 1159 7305 3187 9558 7796 912 7817 348 567 4419 5818 3146 6184 6352 5636 8080 7614 1072 4322 7456 156 5509 5332 1256 102 7821 8378 7126 6129 6196 1294 5775 1558 1727 7218 1693 9836 7286 4626 5030 9188 7857 9263 2356 3387 1251 6442 9602 6636 7023 9065 8341 4458 1128 5262 6651 4085 241 3606 6358 1499 9865 4903 9691 124 6933 3824 5232 3004 1233 6002 2107
93 8011 7431 6163 4930 6796 5455 1441 449 1073 9420 6003 9521 5247 9186 7462 9886 980 2 199 6296 2491 637 9577 721 8512 1133 1967 7024 526 3436 2705 4286 1626 3684 7547 3654 7262 8222 9153 9794 5163 384 203 8081 6466 1316 5225 4897 5713 1848 3189 569 2118 1529 4067 1747 836 9772 7208 664 8411 8921 7881 1552 2949 6512 7878 716 924 262 3617 6253 2657 4000 4997 530 4470 3172 2339 3967 7648 5510 9909 6219 3931 3362 365 2882 5742 1530 7260 2190 7330
93 940 7771 1105 906 9072 2456 760 9239 2969 1873 7498 3522 9717 3581 7991 1371 854 9478 5538 2000 2544 1017 3130 9278 9589 6766 55 9232 7391 6566 408 9870 8717 3886 2018 276 297 5997 6995 4357 7856 3807 387 4983 6407 2060 8969 5846 1528 7049 3317 3998 7475 3193 2365 6412 477 5043 1783 9659 1951 4882 8020 4430 1124 8650 3330 4961 1005 1554 7012 3120 4329 8037 3674 5238 8871 2142 2756 2983 8281 6250 8188 6987 6487 4615 3218 9360 1135 6036 2237 1462 2425
92 7329 9366 7383 8075 6066 9957 8266 2891 376 9391 6814 6699 246 5726 4045 7579 7323 4413 6016 9928 5847 9770 2702 5491 6453 1692 9044 2458 4291 6286 8381 4282 9025 544 8991 1898 7515 4520 3100 432 8494 5421 7618 514 522 4501 669 3521 502 4385 2873 3199 118 676 6853 4092 4038 8524 8231 7998 5905 3772 9711 6773 9544 5832 6249 1272 4646 2236 1160 2653 9456 2728 4975 9567 1452 8899 3899 7622 3542 5849 9500 7426 1936 7484 8858 3431 5544 8327 8427 7722
94 975 4424 4376 4370 6373 3757 6883 9165 1422 8696 7827 7606 3491 2073 798 2985 2089 2762 50 7007 2084 1743 8565 7592 9532 234 1337 3873 132 302 1171 9321 4083 1203 233 1508 9139 3672 3771 2510 3390 3499 5182 1644 1309 2395 3930 3014 6825 860 9953 3516 7985 1501 8831 1299 1179 909 8387 1332 1761 6269 6705 8248 2938 8641 7098 6204 8022 3223 3472 1557 2094 2126 1963 5559 2687 9290 7430 9361 6879 602 1977 2397 3035 2114 4717 4636 7155 3179 2344 6944 726 8380
93 9689 2116 2516 787 1076 2070 4200 9381 4026 8497 9887 6519 1707 5123 8041 7477 891 9600 4015 6675 5871 5920 1949 3 3342 5820 9022 3497 9646 5114 3855 6777 3335 3828 4752 5733 2275 7697 9922 3653 8167 8307 5601 5879 5706 666 1098 8866 7946 3361 9624 6052 3168 8402 5324 8046 7289 75 4246 7884 6604 3550 8286 4142 2348 2679 7665 9049 9178 9571 4180 8417 9649 7825 7518 3619 3315 7345 9565 2370 605 9895 1754 9495 6946 804 520 6771 4463 3571 2804 4973 9082
94 631 89 7411 4326 3834 8403 8687 4396 5256 8532 6899 977 8218 1199 8542 1396 982 1109 7368 9493 3159 914 6051 3904 9997 976 7604 9451 4613 6620 5874 5629 9921 2390 8008 8014 3841 2613 7059 7162 500 2529 343 5028 4157 9326 2130 1079 7404 1194 9531 9986 4152 6145 4864 8019 5573 7548 2768 913 1691 9645 4025 7131 4096 4874 4222 9810 7470 483 5843 9965 2967 3160 8353 9562 2698 5507 7552 6396 2579 2479 850 4404 1663 2997 763 3803 9885 2917 4971 8325 1891 8260
93 2048 790 9099 6057 967 2198 8830 3031 4577 4274 6426 3173 1567 9788 999 1851 1612 9983 7338 5973 3894 308 8719 9620 4216 1876 9070 7247 4795 7576 3755 31 3298 9117 9779 9606 9625 3454 2355 9761 8470 4101 4654 1403 5145 8935 7390 1793 553 2837 4809 4614 7079 6645 773 9091 2004 7175 4131 1058 1506 4988 4777 5786 8074 4570 1799 157 1138 8103 7293 6660 4554 8637 5921 178 4974 3799 7835 4725 3290 6939 2565 8190 6794 6435 3299 3696 6449 3601 7337 2171 6083
93 7254 9132 863 5353 1541 7297 7409 9463 537 4871 8043 4880 9719 1741 4094 5483 7181 2314 2461 6297 2784 7236 4033 5414 6237 9725 3912 166 4915 4058 8793 2730 473 9055 4861 371 6521 1789 1311 2001 5824 61 5240 2105 1682 9282 73 6448 4197 5202 9938 3661 6159 5340 978 3648 5976 7923 7193 8216 9039 5862 531 9457 1869 6788 1275 3322 1545 8444 3327 5436 3372 750 646 9868 5678 9842 8044 8642 1232 9346 7897 4571 6748 7489 1551 1813 3462 3558 9496 8558 2899
92 1247 3787 1461 3742 6402 8844 3821 5026 7784 4951 1281 447 360 3442 1482 9041 2639 9452 1757 4581 6337 9145 7185 4070 2071 109 9789 3069 5698 5506 8339 2957 4289 3604 858 4574 9359 313 7646 238 6692 3691 5979 6116 6235 5134 3543 7123 2840 6628 1665 7603 1952 8741 340 4295 9918 3287 6682 8878 3256 1306 7255 6911 1353 889 3659 4260 4113 1505 972 8361 3459 1266 4156 6391 3680 4314 3079 3288 1336 5891 5569 4507 5425 3826 9483 4013 6372 5369 6486 623
93 6896 4426 390 2431 3261 2404 1590 8909 8383 1375 2649 2958 3479 4851 3856 6597 6009 8500 3311 8832 3284 8742 193 1943 1021 2710 981 3333 8384 9594 5803 6400 1473 7672 9379 5473 3076 5205 1841 6877 7988 5704 4893 3018 8134 9764 2442 6588 684 452 7021 7803 2737 769 2830 5565 3651 5253 8610 4658 2995 943 8114 1808 4601 375 9884 3938 1145 7527 1955 6054 7274 3432 8841 5520 3473 8992 8875 9293 9814 3893 112 3270 8302 864 8285 7643 4693 9473 3351 6443 1238
92 8404 3339 595 933 2925 9996 3012 6108 7235 339 7266 5157 4588 4992 9867 5681 9964 7708 9743 4564 5203 8779 5068 7110 2998 2626 8002 4126 661 3963 8475 1589 2260 8769 1357 1278 6726 4850 6248 8158 4275 8990 6600 5311 6338 6343 8263 1700 8437 1394 1920 4894 2245 6753 3156 8656 4211 2960 8971 6908 9573 2055 3308 5001 4450 187 4302 9733 9994 728 5466 1713 7684 2406 9580 7932 7115 5788 7767 954 3293 2549 9341 7434 5124 1440 3642 9505 3780 1864 723 8150
91 9518 6985 5986 8590 3794 1392 4398 7244 6117 479 468 3848 9582 5994 7924 6240 4935 6381 6703 2231 9910 3232 2691 138 654 6974 5753 7816 4640 8229 6070 1576 2086 8862 3487 4511 1023 9054 2658 2779 3559 2196 1453 4959 2739 3530 1131 7735 3398 403 2558 9775 8152 4394 9889 1718 2792 7723 2791 1446 8679 1669 4383 7645 5910 4563 3820 7850 4907 8917 8730 2299 8073 2227 2731 7653 8995 208 3204 7525 8895 3030 5449 632 9376 2915 7955 442 4794 4340 5120
93 1249 9663 6847 8505 640 6378 6813 8102 8293 1291 1601 9453 5280 9818 2340 563 3687 1960 7509 1981 585 3694 9924 7931 6701 8049 5216 4707 1664 4273 5515 1773 8578 881 6043 2972 3155 2732 8960 5049 907 1445 8749 2046 9936 3055 6624 147 1806 5581 6327 8048 6193 2900 2300 9982 7589 497 9959 9944 8262 5590 4333 2256 7226 3679 2294 2061 5797 4557 1956 4488 482 2734 6425 3957 8483 1110 6673 2481 2927 3383 3424 8352 6760 8242 1656 7866 5562 2444 103 4399 6236
92 370 4060 8107 346 8288 7911 243 7251 6294 8010 575 2241 196 1319 8958 5978 7936 1568 5757 3161 5085 1572 4862 9731 7199 3254 888 8882 1038 7716 1180 7195 6880 9084 8588 9541 9258 266 4953 3075 7304 3660 2219 3167 3326 7455 6716 9892 7204 190 9509 5484 441 691 6997 7818 841 8117 5190 5021 1049 6925 4537 5435 9491 5719 207 7280 4546 5432 9800 1935 6535 613 929 6319 9137 6779 3427 2719 558 1182 8631 1802 687 1699 9984 2109 3865 4729 1815 8191
92 2492 280 3141 7534 7543 4661 5628 248 9064 3041 880 8196 4785 1315 4469 8372 7586 2338 9546 6092 9097 436 3394 9454 5486 6776 9052 2306 6188 2274 6882 4788 1894 2770 481 7347 647 5574 9563 686 8212 9428 8870 6807 412 6554 4125 8465 6578 5178 6276 8924 6156 5995 2572 8926 5817 9190 2381 5286 2497 7799 2913 2177 4662 538 5575 776 3291 4420 3644 2220 8807 1838 7699 8703 5699 4756 6268 8649 5062 6979 3605 9506 1607 5212 7568 3905 2522 7342 1457 6301
93 1010 6695 2106 732 3556 4242 3276 4075 9115 7583 2104 3585 6563 9461 7677 8616 2035 7970 1681 1940 4170 6950 8162 7070 6968 3616 1087 821 9095 3719 7738 7795 4721 6199 2526 4551 5718 3474 3500 1726 8861 1819 9745 5094 8289 6934 867 64 4559 4236 3800 7610 2230 104 5519 5542 2101 465 1923 7240 9404 9824 3478 9112 9045 8997 496 7585 949 9197 6815 7400 6441 7412 3266 6026 7288 7384 6522 4480 6097 3048 4940 3032 8025 24 1677 9125 2548 6050 298 6161 6176
94 9040 7165 7203 2176 3243 4889 3534 2333 4811 1393 41 7656 1284 194 6077 9759 2191 851 330 2185 1022 838 9511 4689 979 9852 7333 6281 3379 2030 2297 3134 3231 8051 8169 6556 6536 5595 6459 5097 6928 2466 3552 5588 9642 4453 6291 2049 9430 8030 4309 5956 1385 2886 7191 5825 3343 3066 9908 1871 2066 8902 1986 5306 5677 8122 3952 6497 8912 5829 6331 7631 4933 3789 4288 8109 5683 5707 7207 917 8518 2136 5331 748 9486 7494 4392 6713 5319 6440 9851 2946 4174 6774
93 1954 6121 470 2434 8388 4087 1625 1495 8251 8274 8674 8802 5594 4505 9690 9192 5748 3325 670 4301 1066 6667 8665 2343 1412 6922 7961 5293 1129 2509 8261 290 2517 8952 4352 7836 3560 2948 896 6274 608 2326 7501 9912 5852 9030 6502 6120 8594 5914 6738 8347 8774 8810 8508 4432 4710 7353 5740 3816 807 3401 4024 4421 1667 7150 8064 650 8638 9913 7588 2629 606 5107 2599 6780 3776 7227 4598 4448 6418 6654 3038 4744 3088 9013 8603 2182 7159 5031 3711 5457 3666
94 4821 2980 227 2359 96 2824 9741 4784 4007 4393 2447 2987 9869 2761 3320 4641 2412 3792 5621 1214 5296 4176 3111 259 1828 7025 4828 2468 7855 7782 5768 795 8215 5194 4382 4445 7500 488 1123 1458 899 3883 3784 2656 3587 7307 2369 9286 8823 2552 9734 9433 4747 1086 5987 2640 6824 6023 4976 1469 6524 8367 416 5529 8478 3614 1185 4977 7640 8994 5481 3010 5055 2195 9328 2334 6718 5827 5378 9021 7875 4545 834 8086 9708 6745 1273 9007 3861 6843 6445 5487 7976 4653
93 630 3451 5445 6704 4928 78 5685 4276 8232 1447 4078 8431 4182 4754 9771 1355 361 8460 625 1479 2906 8955 4692 1421 1063 6471 9879 6183 8054 7581 4186 1493 7770 3612 713 568 6876 1262 8348 8071 5770 9470 4879 4261 6510 1835 5523 8382 7084 6387 6907 5434 9774 5266 5783 2897 1845 5166 9572 4344 9961 7311 660 6710 2961 3941 6068 4189 3712 8768 295 6289 8241 7442 3169 8315 5690 882 9616 2129 7463 54 2908 9653 3510 5659 1717 2853 7683 7537 6422 9579 9604
92 4229 8925 3139 9068 4442 8787 1342 7779 9768 7083 8936 3578 5745 4005 7732 4548 6162 8408 1609 983 6293 4270 5175 4966 8840 7178 3842 6333 5046 9793 8651 1287 2540 5925 9019 9357 2879 8847 4628 9062 1327 1547 4619 9903 6242 3178 4149 9815 831 1896 2102 5334 8338 382 106 9029 8105 2238 655 9692 62 9807 7428 8736 7593 6829 5596 9831 6691 9841 9603 6345 1094 780 8790 1391 9371 1246 6481 6904 2384 4616 7990 7482 1832 8355 4544 8591 3493 1390 5110 8834
94 9199 2128 6470 2686 2919 7617 5346 4631 4969 1156 116 108 3850 6010 5156 7469 9094 5239 6454 4775 505 3194 7252 9914 7906 9061 7133 8146 8214 869 6202 6860 9182 3403 2228 6168 7401 5392 8646 8323 5475 5127 4428 149 2121 4832 169 4690 5756 7704 887 4711 9024 6314 7060 3105 3770 2152 19 4353 8694 8800 5769 2160 5059 231 4829 6737 5143 7483 3970 6690 9816 7555 9988 8018 8052 7917 4683 1599 6966 1208 7486 444 80 7691 4482 3937 6127 8732 8852 6640 3348 2635
93 85 8767 9155 9948 2013 6393 747 2817 2011 1953 1809 6277 9550 8394 4638 4339 5772 6841 5329 9201 7785 1676 3721 2173 6364 9897 8032 9237 8965 6615 8450 1500 3788 2207 3525 6273 7088 698 4808 8948 3968 4391 2764 1770 4388 2247 6439 4553 5532 2848 8796 8038 8314 8140 8177 5530 5767 5884 1459 5898 4114 628 8189 7942 6728 688 4408 4313 5732 7809 6852 9939 4702 2357 928 1395 7042 2605 3414 4634 7072 1561 5785 5400 2154 7637 4106 8389 7026 1507 557 8184 5981
92 8521 7270 9004 7715 6233 8230 4212 702 1836 9494 2923 7963 6300 3895 8205 7269 3353 962 9739 3221 3001 8972 3956 8329 1731 4041 8456 5136 683 6467 5310 5338 3045 6334 6909 4098 1969 4411 6354 2067 1297 697 321 1224 7324 1014 3347 2805 7726 2496 1978 1210 715 1002 2835 3868 3919 6948 5394 4221 9426 5804 5290 4475 8272 9651 2814 1365 5417 2716 14 2860 7445 6262 6700 9723 3876 7984 8509 4565 6336 6832 3378 2156 8786 3029 2341 5567 7276 3973 6488 5441
93 7278 6485 7813 2175 7780 4943 1372 8233 8224 3021 6727 299 1816 2042 7862 1537 9448 5615 4051 2757 3565 8096 1192 1705 1347 1198 377 4611 8200 1216 643 9993 3006 307 7303 1044 5543 9628 6223 9942 2429 9980 472 3567 3975 4873 9721 8801 7268 2666 5712 6562 6221 3817 9331 8207 6855 5857 1613 2266 3590 4158 9644 5195 5061 486 7464 1206 2642 2781 5888 4064 4659 7320 2319 8197 2138 5703 2376 2598 7493 7939 586 3707 9619 7439 986 6902 4427 7349 5705 3328 6687
93 2405 2836 3164 1591 8423 303 1775 6790 8126 9380 2586 7223 6392 1907 3469 4460 3882 4970 5321 2178 5288 2157 345 2435 1112 2963 1354 2029 6515 9890 1877 2108 5902 5738 5388 5801 4869 1075 4318 6808 1270 5237 6509 9668 6169 5236 1045 4086 3775 7128 3667 3238 1401 6885 2223 9151 7626 1405 1756 813 3640 6770 8634 3450 8851 533 7183 876 7317 8738 8296 9684 3138 6452 1853 2446 3095 3596 119 5036 7861 8332 4410 6940 9314 2276 9529 8759 9485 9298 1605 4386 596
93 9835 996 2421 5467 1635 9135 4797 4909 3435 7943 9208 7011 7055 3744 4972 8003 6046 2916 6775 2766 7597 1368 727 5741 8513 8670 1621 7742 9409 879 8078 141 6648 1065 8015 8280 7211 7096 6920 6959 8265 6104 8762 1924 3000 7741 8907 844 9089 6711 400 7674 4247 159 9101 5988 6859 6229 3756 6538 7495 1904 4739 2735 4857 252 8723 4791 7918 6874 877 543 1369 1062 7309 5611 7561 5689 3089 5249 1800 1570 8440 378 7958 1456 4941 6506 4377 1518 4792 845 1892
93 6644 9547 8375 134 3366 7051 1546 6093 5470 7452 2277 5599 4705 4351 6826 7710 4906 8620 9134 8130 4063 8499 4042 9170 6040 2099 4700 4660 9941 8059 3715 4192 1784 957 1975 1033 4406 2616 7922 3447 2167 5462 7695 5932 8142 4311 6765 4572 8368 2902 9590 7570 5762 6929 4201 7332 4763 3969 5100 2759 7945 3413 7103 2706 111 3215 5413 7900 641 7590 4072 5747 2186 2153 2038 2618 1769 7689 1259 8151 4143 6335 1265 2302 1833 7256 6326 197 5906 3410 4240 2763 8095
94 8254 9223 6379 6212 2476 7953 6577 4362 7067 2111 7513 5265 4781 3275 9338 2790 1081 5444 4713 3852 5640 2803 8132 7331 4913 5549 3760 5977 9507 2008 180 2377 244 7786 7632 9251 2261 9220 656 8405 9425 8577 9265 5048 7731 6559 8527 2170 1477 4998 2610 1980 2806 239 4593 855 4111 8755 7343 582 8523 3976 4177 4724 4584 7573 5870 7113 4359 5277 271 7348 8973 6344 3337 4814 4308 7887 7630 4950 1364 9597 7377 6231 9415 7927 8576 9255 2667 9729 6782 5985 4095 9422
93 7258 2090 8366 6186 3727 2150 1318 9032 2773 2197 9888 4736 2272 2074 2024 2850 921 6478 8724 9498 2165 4681 3985 6540 3253 8530 466 9300 7928 609 9279 4210 4927 1449 633 4895 6067 9685 6126 5934 925 2546 9358 7994 1258 1929 1274 6889 3759 8448 5098 856 2363 7889 7019 2614 8083 9970 4519 6757 822 2681 9053 6179 4898 7043 8318 5179 4830 3837 2569 3977 3597 6981 7062 7807 5700 3501 9042 1550 5364 8628 1683 6329 5878 8305 827 4389 5873 2120 6305 5201 2501
92 4372 696 9000 399 9969 1048 7130 740 3546 9808 2794 706 2788 3002 2787 4668 8463 9184 7010 107 3034 9393 7458 8569 9792 8864 3898 3749 6194 5959 7164 1463 4890 7634 7749 3991 3631 1015 4746 7465 9195 1549 8310 617 6475 3207 5017 1895 5763 5112 3049 6227 5908 985 380 6428 3512 4776 8929 8185 6560 281 8050 6956 8311 6472 9533 5093 9934 2043 200 6430 5951 3363 9904 2962 7912 6350 3699 4044 79 1517 2012 8797 2050 9755 2901 7448 2387 7279 5889 8517
92 852 9502 5246 6972 5333 7762 524 2880 8180 9200 427 2244 8988 3407 6058 4934 9845 5789 9828 4235 516 7713 5326 4771 354 4610 2489 4773 5946 6031 5883 209 4719 8249 4226 9557 9752 8811 5422 709 6621 918 7885 4541 4378 5904 4543 3736 7451 4534 956 9276 6417 927 4984 8371 4320 1843 5517 4826 1687 2298 5993 6197 1383 868 9171 2020 1771 7541 4696 2168 7168 4926 7615 5117 846 2403 2424 8237 7081 7797 5500 5373 5482 8306 9146 5323 5217 2262 8880 4429
92 4622 9607 3838 663 2324 4509 3880 3872 7197 861 1404 4842 9856 755 4782 4766 6230 4154 7213 4964 7141 4666 1918 3822 4877 8792 1615 5069 3429 91 5272 7277 6969 1512 8027 4937 3643 4433 8023 6884 577 5859 9747 8123 5682 5527 7015 8421 3798 8846 1187 6287 9857 1221 1190 9119 6957 5949 6661 4623 9981 7180 8322 5052 4434 1420 5208 7454 5019 5257 8354 1255 2660 1289 5299 3853 9556 8204 5725 4860 733 5200 1807 9510 6322 9671 8334 4806 5058 4728 446 2828
93 6119 9829 3726 9542 3884 9005 7100 9033 7238 2576 7378 8773 3875 694 4742 7972 3758 8550 5933 8604 5153 4770 4387 8863 8250 9472 6698 4853 7755 4079 4169 552 9008 47 600 6098 793 3836 6844 9424 4443 6570 4319 9318 4215 9014 9760 3406 2374 3544 1965 2286 5805 920 9088 6463 3241 46 4464 9462 4184 7341 9710 7876 9012 8618 6741 649 2316 870 910 4748 9688 9522 562 8623 3219 805 2351 9952 8267 5776 3197 3482 2430 8775 9905 6340 95 7895 8357 6550 1424
93 5186 7902 7066 4731 1435 3131 2717 8867 7873 8874 2854 7660 5944 7138 4452 504 3476 2132 745 8294 3488 2727 4009 8541 8270 1483 4461 915 1945 1993 7966 7609 4805 7977 7039 3647 7743 1317 1134 4768 6112 5158 8462 9821 9138 2122 5896 8092 7215 4374 7087 7246 6842 7707 1136 7935 1767 3157 8065 9163 2330 350 2869 9444 513 2646 6306 566 1728 8872 619 1257 6932 5160 9477 9312 1240 5784 6341 6477 2590 5790 3274 7812 9656 784 404 8104 7982 2325 761 7381 2567
93 6755 5034 1312 6371 2478 300 7000 1031 1620 335 874 8331 4596 1434 210 3051 1553 4486 6720 6200 6641 4335 5918 6099 5082 9102 3702 410 8163 9214 5534 8666 5174 4456 4708 6431 82 1153 7102 4279 5433 4110 9476 3579 8432 744 9432 2031 9898 6910 2208 7410 7314 6361 9250 9275 9848 2945 237 7408 1504 4138 6729 7033 8141 3056 1436 5854 9280 1046 6887 4412 4652 8915 6558 7557 9790 9632 3186 555 5382 3409 4206 4503 6754 8985 5666 4165 9990 8857 1320 4316 1852
94 8671 3793 6530 5442 3019 5568 5132 2155 7360 3196 2532 6311 1304 2411 3464 3437 4568 6060 5617 314 1269 5970 6587 4995 8084 9299 9066 2892 2749 1703 9669 8545 3589 277 1070 2484 5295 8668 2327 4608 4892 3202 6528 7171 8913 4350 9437 5735 1293 4397 5359 8057 9427 1618 1531 5099 8326 8938 6217 5669 191 7117 3151 5623 1560 5553 8401 5897 5168 8585 4090 5755 2017 9471 4497 1992 1616 4277 817 1737 2467 724 3349 9523 5282 7173 5138 287 6446 309 9408 381 4168 1534
