5 6689 474 1883 2123 7773
11 519 1992 7455 9495 9071 8780 4584 1789 879 4844 1569
8 4525 8950 4838 486 5652 9639 6113 5460
11 6466 6541 6208 9737 5134 9533 8340 3676 5819 1905 4268
4 2519 6670 2751 8994
10 2735 5717 9579 1411 6320 446 2342 5637 763 1573
13 2465 7561 2026 935 2343 3432 1882 71 7408 3848 471 5159 8925
17 5018 2695 5902 8698 7435 7373 4854 6907 946 3061 6259 5762 2096 7878 2134 5467 1207
13 5860 2247 1492 3396 4205 9817 2851 7767 4811 836 8959 6775 3931
4 9888 5868 1384 9868
14 3090 9084 6767 7314 6473 2954 1709 1682 4022 8508 6999 6445 3613 7969
14 6916 5693 190 7585 2825 2556 7630 7782 2510 8061 7476 8218 3431 5030
7 5324 568 8557 3176 533 3453 5067
14 5970 6412 9046 6004 977 643 3278 9732 9726 8201 4751 1919 6355 7252
13 4618 3442 3333 2788 3354 2171 2710 2619 6217 4820 3322 2820 6964
13 6663 9847 9920 6293 2977 183 4925 8913 8666 9580 4971 4542 3525
9 4855 8731 5971 7180 7546 2338 5979 2840 5244
5 4309 4379 726 1564 4793
11 1209 4494 6656 9996 8111 6520 188 6019 7898 4968 5555
6 187 6901 4528 3298 7115 1961
13 273 3167 9187 817 6752 318 4744 4470 7528 8568 4735 2202 6342
16 9679 9619 219 3236 3849 1267 1835 5764 5556 4100 7658 9184 6576 3679 1446 7606
12 3444 700 6277 4090 7196 408 8200 8762 1703 2922 3359 1083
7 5086 4071 1543 2429 3294 2006 5968
7 7070 7399 9820 7319 4420 2983 2862
17 5934 1757 2531 3276 6155 7152 5910 194 1035 9253 5898 6687 78 2100 8365 3012 2659
14 9313 7318 6485 1689 8588 9100 7275 3161 5669 8006 9211 2609 2287 868
13 6695 1138 7329 6765 3116 8028 129 6072 2162 5811 6603 9736 3857
14 4758 3527 6239 6340 9836 1561 742 6362 3179 5895 5322 4600 669 5790
7 1867 3549 6807 2866 4337 5293 5549
13 6822 3607 7020 9702 7019 9436 1131 5683 6214 7978 3771 7756 3965
14 3629 1515 3245 3773 2216 9199 1947 1513 8975 2070 4286 1923 3558 9637
5 1273 2883 9186 1427 1009
7 2316 3253 23 31 3347 6221 8046
7 4307 6831 2571 4588 8929 3850 5225
7 9799 9752 5402 9636 2754 2177 4891
14 7040 713 7709 9452 4815 3398 3669 3163 7280 8389 3227 4069 7235 3107
15 8703 2917 7028 5034 2690 4953 137 9403 9865 1216 1633 8825 4040 3084 8850
13 7401 5440 4536 4648 1949 5994 8620 684 4936 4412 579 8740 9614
15 5424 423 2135 567 271 8410 5815 7037 680 2678 3624 9609 6229 8839 495
10 6115 8329 5615 6053 5593 5919 1021 8619 6795 2098
14 117 9140 6002 3138 2132 4862 7924 9376 25 5412 2298 9787 7472 6934
13 222 9976 6740 7662 8895 5168 687 1849 8249 2310 5361 9123 8594
13 8292 1512 513 2031 8194 799 581 7815 2747 1341 5676 4108 4795
12 7957 7711 874 210 7342 4802 9658 4727 3633 3611 5048 7017
3 3855 7956 7632
13 2559 5235 2828 7398 2649 5169 9229 6509 362 301 2697 9677 6524
14 4894 8477 8302 5500 6645 4636 688 5255 8999 8885 4401 4614 1350 5596
13 372 1315 696 3384 9586 1474 5809 3536 8473 3504 8948 4716 2148
8 961 8640 3049 3225 0 3911 7390 1691
6 2061 2346 6521 9484 7951 5791
12 7657 9090 1142 507 584 9880 8632 258 1645 651 1931 5224
5 6381 3168 1609 5517 9723
14 3055 6529 9011 4704 5260 9810 3438 1056 1582 26 8888 7673 7968 2755
4 1560 2717 5985 5859
3 24 9003 978
15 920 610 6502 8021 2896 1346 350 5000 3552 2283 73 1074 3975 8053 4378
9 4143 5192 1332 7453 5813 5505 9721 9885 8980
15 3555 5445 7429 7687 4537 9030 415 6850 9072 6124 4763 762 7904 1086 6093
13 541 8029 209 8173 8244 7368 1533 8356 5348 5010 2326 322 8054
14 4078 3257 442 4493 7150 6622 9548 155 5326 5138 4261 8468 7288 3797
10 9675 7379 6319 940 5325 8202 7069 5960 6242 8684
13 55 8587 6877 47 4709 5864 9862 3515 1847 1408 9336 590 5311
6 2576 88 9514 7909 6152 4095
6 4346 5300 6735 8348 8047 7391
10 3580 3409 6669 6563 3315 8661 798 9986 4320 4700
11 549 3311 6410 39 2125 4419 3020 8156 6112 7943 2888
12 6198 1724 7612 2642 6550 1422 6680 1322 1615 2902 6514 2627
8 5885 3307 84 7861 3230 5296 3619 8443
8 9523 4098 4301 6015 9739 9827 8260 2853
13 3988 1097 3005 8447 5158 8996 3027 884 7450 5604 7705 9024 2880
15 4637 2720 8489 9852 5920 5437 9644 4950 4492 5664 6717 9058 8808 2329 2138
14 1005 6418 6849 4154 6634 4123 2122 6495 1666 548 6817 6470 2530 7820
12 375 9463 9289 8809 3722 3330 6564 6725 1542 5900 3595 5286
7 157 1815 8932 5358 9556 7102 4818
15 2869 6900 2538 7248 1755 5426 9474 6387 8215 2549 6501 1654 707 5463 8265
6 5716 8024 4329 1652 7375 4013
15 3103 7965 9626 4208 6875 435 2480 285 7635 1400 8702 1462 1935 7182 1552
3 8962 8675 4469
11 3371 9649 6536 657 6548 600 3890 948 4220 2353 410
10 7929 7186 2074 5679 594 264 9648 6769 6191 7038
11 9283 3667 8739 3510 8940 384 8679 6348 3571 2940 4766
11 1776 8458 3739 636 5734 7930 2759 1772 770 2795 9909
3 3149 4646 1452
15 4058 2296 2523 856 6062 141 8031 905 4175 6616 5176 5248 1092 9555 5476
13 1664 6263 3249 8323 8803 9897 5394 3689 8886 7836 2376 1732 4538
2 29 8824
14 2020 9325 5218 2942 1524 1102 9381 613 7771 3265 8837 4977 2492 9488
7 6961 9346 4580 2155 6087 455 3711
11 1833 864 9735 8038 9478 1918 5997 3296 1087 9119 9178
6 9563 3540 1970 3088 4177 8908
14 1888 9707 3410 7553 1186 5124 5317 3926 5509 9585 3256 7842 7290 8887
7 1353 7064 8699 5282 5969 7601 7527
15 4150 6815 1024 9869 881 8239 6298 3337 4152 7859 8538 2516 5493 9404 587
11 4842 9409 9935 3779 3445 81 9489 6477 3688 8199 6626
12 2912 1323 493 8035 6910 5391 5639 4991 3702 7789 998 1962
6 8406 7293 7075 1118 8331 3456
8 5341 8787 9052 965 7506 4127 8226 3087
6 7141 2949 2412 2593 4042 1599
10 1528 8175 211 4559 3389 4275 9883 5758 6417 6250
4 9216 1227 902 7061
12 2986 5299 3104 3566 3439 2630 8958 4500 6830 8923 298 8700
3 585 233 7458
12 6228 5721 6825 7501 1286 6256 1481 8561 5098 6768 1359 2276
3 5406 2432 1555
11 583 9402 2112 3694 2237 1385 6614 7436 9849 7228 2909
11 8559 3758 6430 6484 3635 7844 7059 432 7241 6302 5459
14 4435 1421 3433 7940 7510 2476 2499 7189 6371 7157 9831 6991 5230 1136
11 3281 7928 400 4405 3685 4772 5851 7511 6311 6 3427
7 7952 7122 5141 21 2964 3063 8123
9 5304 6189 1785 3964 8998 1473 7051 7918 4416
2 297 6753
12 741 1305 3651 3368 1430 3767 3516 7720 4900 7146 5973 6390
14 7640 5335 6139 3596 9845 6222 5909 5498 5152 3957 4768 3637 8275 4116
8 5598 7864 1922 6914 5531 9448 5988 632
11 445 6654 1959 1676 894 1610 324 1077 1456 2049 3819
4 3564 3869 8073 3491
12 6952 1414 3557 1459 6692 605 6099 5373 9338 3081 7154 9834
7 3025 1246 9601 4140 1064 8384 7008
14 734 3990 825 7174 7778 776 7330 1333 1303 1894 5749 1858 5432 8540
7 8395 6843 8055 8786 5513 644 1653
11 4495 1773 4830 388 9848 609 5776 6301 5840 1559 9711
13 1040 1860 5540 2654 7483 6560 3733 4174 5961 1225 764 5825 9956
2 622 2939
15 3471 6783 4873 315 2056 2984 8830 1289 4122 7127 5470 4510 7742 5937 5599
13 2008 7810 5377 1046 7679 3508 6894 8822 488 7295 143 2529 805
14 2941 7849 7889 854 1721 1428 2768 5570 8934 1280 8526 9398 4983 1226
13 957 3918 5654 3017 3778 4523 7835 3703 3001 1213 3533 242 6693
6 3743 1447 6515 6365 2836 7343
12 9979 7114 1177 6480 2760 1416 9258 8153 592 2698 4972 5953
10 5381 8158 9385 8245 6129 5197 702 6241 1156 7565
6 7877 8719 229 9878 8414 1801
7 1735 9249 1442 6384 6010 1377 3617
4 61 3341 5020 1254
8 8840 7993 2541 6207 3503 9294 392 2508
14 6649 3697 8020 2782 2470 2693 3828 7056 1007 7788 7242 7410 8235 1848
14 3457 1838 7846 5621 7816 8819 2684 7703 8900 2474 535 994 6096 9088
3 1978 1844 6127
14 8420 1407 699 332 6399 8099 5597 9621 8240 9826 4779 4901 6074 6444
11 6724 4387 8902 7579 8373 6855 7367 6845 4931 6766 4640
11 9581 6884 5711 867 6699 5350 9245 1659 2487 1699 7700
12 8728 5491 2198 6173 4415 6581 2876 3297 7784 7337 2865 4298
11 9411 3430 7934 3169 2191 3774 3519 5533 5536 690 8154
6 4214 3826 8774 2981 7655 9525
7 7119 9019 4181 5232 6935 8943 6439
5 6456 9020 5227 5307 9360
12 489 9166 7230 3910 4657 6274 9687 9372 1893 2172 6792 9439
4 268 8253 6170 231
11 8342 1651 4450 8793 2582 4774 4212 6032 6249 2225 2658
8 580 6135 1697 2486 8278 7437 4049 729
11 8179 8149 9109 952 6114 6995 4015 440 9146 3889 3526
13 1993 7140 2147 7438 4819 8334 6801 9471 9642 538 3791 7589 9061
11 3692 3546 5743 6245 379 9541 3246 8441 360 6350 5618
11 7799 3334 5382 6104 7153 3810 9997 9567 6895 4157 5423
3 5161 1406 7025
11 4687 9503 4482 767 8326 3650 1478 5653 393 226 9922
13 3030 2233 8426 4107 494 8857 6226 8394 4000 6158 756 5896 2890
13 9291 7156 9246 8370 1111 6247 7680 8906 6988 4530 6465 8122 4158
9 4788 4255 7113 4043 7753 5842 4172 4281 8503
12 3693 5295 9392 5021 3277 8946 5365 2858 1354 6917 3528 1658
5 8204 5237 4507 8402 8753
13 6424 5572 6409 9497 6333 693 4572 7200 1367 4812 2822 4563 1115
13 4066 4511 1326 8188 8815 6540 7997 8704 4599 926 2144 7731 3310
14 1866 6404 1090 4863 7535 819 9943 3091 8845 6291 828 8641 3820 181
13 6160 8459 5732 8298 7971 1842 4438 8759 5198 2608 5563 9097 7603
12 7911 1013 8254 7277 5830 230 2308 9528 6322 2203 5416 9069
11 9901 5359 5017 9464 871 5064 4810 2481 2998 8947 5044
13 8520 2436 8448 6575 9232 852 5705 1936 5320 2933 6405 3825 1191
14 2327 7210 2881 3537 6197 4698 4373 5877 4231 3728 5850 2334 4747 2770
13 8102 7320 2495 8995 2075 3145 3312 8251 9895 1258 3730 5264 5399
10 7229 4084 5914 2777 9076 6349 3229 207 4490 8942
13 113 9347 7768 3740 7068 2882 9686 620 7744 8622 9004 6148 8321
12 9670 8104 9804 2857 6793 8881 5802 2491 4672 2936 9960 9461
16 6633 2512 3092 1 3940 524 4012 1229 5346 631 5812 165 2815 4339 7568 6492
12 8271 5954 6966 6904 7599 8077 9760 438 8623 6676 4142 925
5 768 6200 943 8718 1378
3 2774 3640 7678
10 4586 4693 7097 3751 5589 1426 9714 9615 3284 5707
7 2507 2714 5698 4317 8606 3612 794
12 8509 8586 481 313 7988 5140 7854 7688 4823 7917 336 8195
2 6965 8596
3 6044 1626 3737
6 6694 8566 4080 7362 9326 8012
5 8564 1143 3272 7524 4846
11 5222 8892 1685 249 7650 1763 9257 329 6300 8716 4474
11 1794 8848 3603 6762 4939 4135 3320 1285 4054 9756 8618
11 6269 7512 8224 3594 1433 262 9672 148 3134 1526 2968
2 1879 9824
12 3008 6547 2178 967 624 8048 8935 14 323 1204 8126 361
7 8878 6744 1821 8581 2926 3042 4310
11 8086 2426 9613 454 1670 588 6543 8107 2032 1153 6624
5 9913 6591 1642 8411 4568
12 5343 1734 8207 5662 5008 5658 2269 7218 3741 6631 4133 2410
5 8758 7809 2411 8332 4540
6 6607 6610 1356 7393 4577 5944
14 2324 8978 4228 6244 4068 589 723 7050 9664 2592 3031 706 7459 7105
9 1269 457 7239 6600 7947 8838 750 5889 4671
4 5245 8605 8490 869
13 4948 3833 5557 5635 7195 5164 784 2433 4808 5977 2196 9661 9034
10 7088 2742 3325 4249 5072 9663 7053 5404 8113 7625
12 6662 1625 8464 4913 9754 1316 2454 8949 5294 4210 9454 3275
10 8189 7224 6076 1016 6397 2615 1808 2337 257 4996
5 9449 7147 6518 1594 6339
8 4475 9744 9138 8599 4005 831 3478 3836
11 6913 4624 6647 7609 2805 8297 1108 8080 4799 4649 480
5 7109 310 1751 7467 2650
14 477 9191 7000 378 97 9462 9748 4573 5461 9608 6482 6976 4691 6700
5 2015 8788 5147 8862 8238
10 6794 9267 35 6597 3135 9055 6889 6644 1868 6227
3 4877 4065 1546
5 6031 6463 2677 7496 1495
11 2589 4635 984 8493 2893 9231 3809 3492 6994 7996 6869
9 3655 1363 7534 5062 3178 995 2749 685 9304
4 4984 6851 3512 1344
10 1228 4629 2359 4191 712 8304 1878 7192 4759 4399
5 2944 3086 9048 5376 4243
7 7913 6238 251 4252 9668 5753 144
6 4679 1061 9600 1579 1646 2617
2 7862 180
2 6403 773
4 1105 4138 8319 79
11 2166 8274 6567 3530 1736 9509 4753 3844 7989 5108 2816
2 719 2430
11 7198 212 9179 8667 320 5950 8276 1180 4364 748 5414
12 1113 6327 3232 7176 3292 6382 5272 2136 1623 1347 5501 9476
4 1178 3709 9117 4662
5 6252 8553 4476 1976 9967
4 311 7972 5821 3313
3 789 908 766
3 6150 8546 1284
2 3696 8730
12 5858 5887 5344 576 5561 4465 6306 6761 3959 1764 7954 3543
2 563 8727
2 1194 4557
5 8290 7990 3620 7992 5939
4 9550 5444 1088 7833
4 7891 2445 6063 5398
4 3578 9418 3887 418
2 5649 820
3 9985 5780 5646
4 4644 1027 7713 7133
6 8184 8571 5883 9829 3630 3069
2 8578 5059
4 1563 5478 2664 6750
10 8792 7380 3986 4898 9966 8230 2806 1939 6051 220
4 8773 3824 2463 1327
4 6745 6583 1439 1374
5 9864 174 3903 9465 5586
4 4829 1140 6060 5575
5 6039 1956 7899 5084 3665
2 6912 9515
3 7013 7760 8022
4 3147 6090 142 452
3 666 3827 5127
6 7108 7383 6499 8430 2993 4501
3 3654 6960 7264
3 2384 4868 6080
3 2297 4736 6111
2 8670 2951
7 8711 1695 5828 8341 8374 8078 5836
2 1135 5886
2 8890 9803
3 1803 7015 4622
3 4352 5975 4241
3 3708 2099 3755
2 1874 8330
2 6321 9530
7 4836 3507 9021 7497 1940 2251 7036
4 8965 9740 722 4193
2 7346 3207
4 1973 9914 5471 1304
3 5332 641 1558
2 1002 4483
2 499 7482
2 9121 7621
2 3321 9520
2 7779 2620
2 4467 9359
8 1206 1037 7519 1663 6840 7577 2373 3984
2 3647 9693
3 873 923 7641
4 3291 8422 7093 6828
2 5562 4949
3 3608 5573 5190
2 1778 4325
2 3362 5578
2 2176 1545
2 7347 7522
2 368 835
2 7716 4417
2 4717 1114
6 7355 9049 8726 5063 3120 7681
2 4048 2265
2 3358 3861
2 2418 1022
2 1208 1998
2 3193 6143
2 7468 3638
2 7227 1190
2 7575 6834
2 3381 6018
4 6879 5742 464 2038
2 9349 4321
2 5991 1018
2 1192 8000
2 6377 2709
2 364 3367
2 7325 3870
2 7804 4604
2 3614 9910
2 8227 240
2 9252 218
3 4520 5281 7986
2 9251 2448
2 1529 7376
2 7948 3288
2 4011 5254
4 8967 4390 4929 4883
2 7464 7432
2 9925 89
2 5983 2669
4 7444 3705 1300 1293
5 5371 9999 2300 1060 5745
4 5480 2007 6154 6434
6 8192 4052 9599 9552 5331 4803
5 2212 2812 7733 9891 1425
4 2736 6665 9764 9176
3 9459 8433 7937
5 9483 9451 1744 8879 7487
8 7684 1706 1144 8986 8633 54 1479 1622
5 1146 1713 3742 8870 4292
5 7284 389 5334 3941 7509
4 2718 3028 7460 7183
7 3729 4361 4678 3014 6212 6782 3928
4 4411 3252 1705 2873
6 1319 9519 18 973 9507 9749
3 3936 7600 2509
4 3202 6441 8893 7980
7 1381 3324 5949 1435 441 1813 6993
4 1399 3111 8147 913
3 9954 1015 3749
5 1023 8982 9770 7181 1288
3 306 2502 3259
7 4070 9750 985 2819 5003 3043 2090
3 8088 8722 7173
6 4006 9921 9765 1085 3792 3884
5 5553 8139 2773 8971 2211
7 9044 9840 8891 7623 6545 7667 4239
4 9763 3388 4432 3350
3 3760 807 8377
4 476 8397 5130 5312
3 9927 5891 3897
2 8071 437
5 2288 8070 2908 9374 5538
5 872 9301 962 3125 3698
2 3539 247
3 8306 8119 1680
2 2573 5174
3 8303 9569 204
2 5091 3643
5 8968 1586 3158 7057 9281
4 7613 6911 6323 2868
2 2660 9380
2 1067 1562
1 4887
1 7110
2 9377 5173
2 4027 7813
3 1376 1722 5035
3 5441 8345 391
2 2053 4023
3 1817 5370 2252
1 5982
2 6544 6285
1 1880
1 2591
2 6190 3559
1 5903
1 1159
1 2758
1 1855
1 492
1 4796
1 9287
1 5226
1 1339
1 4941
1 6527
1 4471
1 2887
1 1000
1 8563
1 2528
1 6517
1 5071
1 7581
1 6686
1 3560
1 7433
1 7206
