28 6599 3171 8513 9019 5181 3242 2242 1167 9531 363 8258 6976 3415 7962 2464 8288 9776 3880 5034 6095 7266 8344 632 6366 2703 5216 277 6627
28 45 3153 8447 4238 6475 9416 1239 7572 5506 2542 3794 8943 7432 8435 3609 3888 5731 9021 1732 4439 8059 7895 4741 7119 7991 8416 7174 9354
26 8033 42 5944 9251 4622 610 4550 6562 5935 7024 1215 8536 1544 9010 3889 3897 1537 4261 967 4154 8408 1978 6356 8225 7153 4171
30 6440 7245 8152 7421 7516 9702 294 908 3541 8828 5045 7209 5279 5106 4930 1308 8780 2292 507 7635 1850 1775 2190 8739 5660 8117 103 6776 4605 1666
30 6428 1785 7382 446 4917 9751 9629 6551 996 1657 1839 4263 5059 7935 6085 6601 2666 1114 9387 7563 6247 4675 3221 5232 2248 3710 7789 8187 3188 722
28 9475 3249 9692 9336 8120 3405 9915 5435 209 8469 2373 2887 3303 5833 669 3213 3043 3728 5977 9386 5143 2503 3045 6002 5849 2670 3080 2423
27 2603 929 9417 271 8327 5797 5857 7369 4938 5523 1668 686 5438 8149 4332 1613 302 3737 104 4283 9063 2884 197 4936 9774 6404 2623
28 156 7643 7708 6493 9484 4053 489 80 8389 5343 8603 7727 4290 6849 8332 8341 388 8217 2246 6087 2366 3626 186 6431 7386 2959 5365 3642
31 9738 8854 5160 8128 6778 1398 2236 3537 320 9495 8289 1256 2050 4869 2262 7118 3152 5026 904 9156 8331 4513 2861 4102 6774 5819 8241 1115 2616 4556 7260
28 4467 7313 552 130 2013 1133 9223 3480 8274 1692 7284 3453 2818 5122 3674 14 471 608 9226 329 3561 9335 8520 3859 2308 8574 6133 4576
28 2822 6791 5503 4808 3278 6283 6379 956 141 6630 1435 7560 7005 3894 7172 8028 6946 6964 8524 890 5753 9450 5702 6408 7810 9916 9643 1355
28 3039 7006 498 9735 7980 7691 9172 437 4736 4726 4921 9677 6882 7809 3461 6134 3740 3193 7225 1075 9234 7254 8888 3586 235 4026 2467 7774
27 8103 295 7781 7015 8624 6869 4307 7278 1603 1083 9067 3273 9628 4602 4368 2185 6991 8900 7832 9644 2605 9318 3948 8695 5054 6498 6730
29 2584 1141 1492 3630 5895 8445 3411 9147 5079 1485 1219 5384 8222 3095 6996 2369 1457 3576 1346 2227 3244 9026 6536 8531 1061 7788 8060 4962 1154
27 7318 3210 5771 6992 3618 6374 6421 3091 7227 7045 4204 997 3314 8686 2500 7656 2475 3799 588 6792 1582 1902 8302 5275 8582 7568 5831
33 5876 7080 1568 7115 3044 7985 4018 6125 8176 2762 5496 1301 4504 1172 2004 2082 1771 6453 2692 8626 9429 5494 2240 9691 6579 828 4850 9020 5276 4353 8268 2582 2107
32 2995 2586 2381 6931 5529 5349 7232 1236 9055 8920 841 3340 4489 5327 4873 6115 8345 1418 9595 3639 5464 8271 9532 1284 707 3523 9514 7647 4682 8640 9827 306
30 2150 2414 3693 9470 874 6407 2049 1138 9235 9327 6210 9993 8666 7588 8796 8223 9292 3004 8054 7504 5995 4912 8647 3426 9924 8018 1967 1739 6732 3399
31 1179 1808 7229 3128 2459 8540 5423 6242 1750 1258 7317 5570 6584 5578 2647 5905 568 1664 8759 2432 5640 2131 9294 4253 9849 7595 8343 5711 9765 3769 7887
28 719 3827 4994 9797 8193 9258 7359 8076 468 7950 7645 7949 406 2982 6492 8333 8396 4604 4972 2932 3223 9652 7220 2990 5398 9573 283 9154
30 9191 4107 8143 5387 9428 2677 6990 4395 266 615 4383 3795 673 8787 5531 5755 9567 646 2259 9230 4211 8430 4848 6 399 573 2345 936 2157 7414
30 1434 3860 2785 6032 462 8108 3090 6744 7405 1883 3330 7939 3686 8886 1353 4113 5037 1640 1480 4208 5933 4729 1669 9170 1939 3308 6094 2620 4418 9604
34 7138 2772 3240 5939 8870 5113 422 375 5229 4722 2334 4205 980 1317 2011 2913 4402 7739 4902 8242 8319 6678 2473 4159 6067 5339 3823 6273 2427 5173 8559 7900 6240 8465
32 2635 3042 3720 5941 26 9606 3707 706 1412 6446 4117 8627 7462 5096 4212 3094 3003 6624 9400 4232 8133 7848 2592 8795 921 3023 5101 262 9535 8037 8631 6491
31 187 8057 1824 7574 8286 1590 5826 5066 466 4017 5355 4243 3839 2790 7973 1392 6226 9734 9624 7428 761 8580 6165 3673 2566 7583 3354 9041 3074 1503 7234
31 1959 4804 8561 9887 2152 659 421 7180 2057 3326 2435 204 2078 6927 2033 8901 4488 618 7103 4357 3967 5283 1072 2824 7052 8146 8750 8270 7841 6480 9577
26 8141 2440 9589 6699 9899 605 8834 1174 6296 5964 7076 9906 9694 3942 5752 1456 5651 2164 3445 5961 2025 4927 9148 6435 5007 6614
29 6056 7833 7175 89 5115 1608 9489 590 1998 3745 1310 9921 3407 5290 7321 1145 3389 3250 8764 6940 4143 8496 5745 5172 5016 3014 1010 8879 8385
30 2734 9321 7205 6610 7529 6234 3177 6304 8111 6764 3912 8150 8260 9092 1459 6044 9716 1469 3571 8563 246 5094 4626 9972 1454 9143 4600 7965 1738 9138
29 9058 8121 656 3746 5182 970 4969 4190 7304 7614 6820 300 6719 6406 8378 30 6786 2445 1224 5733 1729 3924 8449 1277 1449 4840 4643 2528 9997
29 6198 862 9942 4769 2570 1562 5619 1440 2950 3770 8211 3364 3982 2121 3502 4157 2237 938 7834 7181 1190 5431 6019 4569 2434 6490 556 6639 6441
29 3016 3075 1734 7458 9073 2914 4739 4221 4692 4385 3304 4201 2370 3926 9796 8190 505 5773 9730 6525 9684 8079 8104 5017 4984 3274 8402 2587 3160
32 9670 2648 1348 7689 3932 1737 5020 6554 6616 4524 3100 5183 3637 7195 2389 6951 157 4855 9196 1616 3805 9534 2662 6894 5363 4176 8788 8994 1820 3970 7978 2480
29 6261 2351 928 4034 8751 1787 6427 5177 2403 7268 3670 9497 3923 1504 1382 6768 5357 7447 9846 4863 3617 4024 5358 7714 9962 8987 145 3472 5707
28 2921 8339 6959 2715 1053 4408 132 3587 4630 8238 2230 9500 6672 4410 7298 361 775 7932 5236 3142 4932 6465 6499 9576 8660 4237 2668 6065
30 2870 4967 724 7720 6168 9129 7147 7203 6341 9939 7993 7876 9368 9952 8956 2463 5135 6692 5662 8837 1058 7098 4029 3578 8685 4877 9030 3467 6842 6537
31 9151 1359 7694 2769 5148 1994 5010 9240 2415 7942 1548 8892 6206 5840 9334 8550 7499 1763 3432 1720 4886 2455 5710 5155 826 5538 5985 5787 4674 8265 9895
29 4891 7851 2202 9441 5516 3992 4192 792 3170 9619 9425 7664 2426 8855 8142 8348 2034 1088 2299 4763 1394 1384 2575 11 4510 7770 2904 8151 7063
28 8598 2198 1067 6925 8418 8865 6817 6793 3675 8573 5289 6701 32 3684 2387 2047 9726 4853 8692 9834 9722 3498 6248 1800 5215 7008 9403 2630
26 327 7760 9243 2263 1776 1969 7117 4444 5382 7863 2548 855 5346 7515 4129 8758 1624 3475 162 5649 8818 6832 731 4890 2879 2084
25 3183 9446 8125 9755 7790 1689 499 8728 3144 2097 1292 1102 5606 5652 3499 7733 5415 2449 1475 7490 6325 4346 3008 8715 5517
27 681 6152 4503 8118 4926 9980 1674 3651 4174 9545 322 3622 1642 3028 2032 8497 8155 1741 9693 668 1687 5657 2926 2054 3345 4256 1868
29 2368 2563 5492 5881 1178 8726 7347 8518 135 2028 38 8106 1097 6337 7035 1488 4740 4070 535 6349 5449 9905 1995 2976 891 9904 5845 2968 1298
26 9392 7914 8183 5077 6284 4639 2337 8680 2243 6648 2080 3377 3514 958 335 7410 6394 7160 9275 1129 2115 2478 6972 3168 5418 6091
28 3636 1599 6765 5553 3524 2085 9097 7349 7316 5838 6860 8089 4284 1962 4226 5978 7994 3408 8056 2127 1984 6109 3627 1878 4646 5950 5257 4625
29 835 2823 8432 2599 2841 7381 4514 1222 1098 6268 4774 5000 8512 3759 6696 7126 9040 3046 6120 9965 8181 3572 2978 2261 6136 8244 3101 6598 1445
31 7849 5588 1466 994 3051 9042 8471 3346 9238 4452 6328 5012 7522 3817 9372 3584 6749 2348 7909 9587 2625 5087 5414 1455 3994 2405 2264 7741 9767 1345 8009
28 9053 1204 68 5298 919 343 662 2310 1007 4040 9857 1618 7989 9381 9232 8139 3594 72 6383 4709 8075 7977 3841 9034 3173 1473 6179 1766
30 3440 9340 6557 2793 227 4896 5207 3323 5542 2346 5580 2499 6162 6740 2286 4021 1262 4862 9421 5643 5816 2045 4269 2102 2784 9032 7617 2881 824 3386
31 2717 4801 6245 9685 4151 3391 515 2642 5138 8793 6675 59 9127 1214 1701 5015 3941 3401 1736 887 840 4806 1755 3591 6501 8192 8515 439 7631 5930 7907
29 6430 6340 4922 8073 7969 3620 4181 2840 4089 4446 5659 1309 9072 6728 4986 7114 2278 7206 4321 1941 6307 8809 2363 2079 5337 8846 4619 282 8395
30 2234 1752 910 6655 3612 3455 7086 7201 6205 2728 8638 3608 6191 4147 3321 1968 4351 3067 8310 3419 8459 7716 2002 1202 372 978 1361 7843 3422 3767
33 4523 8090 2713 5555 4870 1278 1890 2339 5224 8093 1525 2132 1837 4687 5428 8015 3175 3437 1057 9553 2128 4499 5630 7749 8357 7204 8838 3998 3196 2779 8487 6974 233
29 3187 3145 5467 9747 7638 4824 2358 4903 8679 5862 8123 1226 6238 9434 5962 6904 6170 8158 4299 3248 9088 4536 6281 5521 652 5491 9731 4923 8629
30 1566 4830 457 9286 5258 5478 5353 1802 5700 6715 4941 4028 8801 5817 3646 9931 8175 8757 9480 2827 1343 7862 9101 5342 9934 9023 5543 6269 1954 1637
27 3448 8698 3665 9460 8797 4717 9754 7957 3703 6409 8874 2931 9110 3416 8639 7692 9050 193 6249 1201 9333 1447 8802 5391 4532 3083 4594
30 5371 2847 9257 5537 1863 9273 791 7379 3195 7755 4158 7037 301 9249 2859 9824 5956 2224 2181 5060 2639 7821 6903 6981 8606 8081 7817 3202 6587 7722
28 9106 9890 9166 1192 896 8820 473 6994 2846 6472 8878 8844 8390 57 6432 9471 2988 807 1332 9373 4342 6602 7306 6833 6074 6235 8898 63
29 5266 3581 3929 1556 8890 3764 6464 6167 7541 3500 5603 5701 9490 3974 4551 7033 9264 5174 2321 7956 959 8508 5776 6317 7289 5110 2848 6320 202
30 5959 5703 7984 1746 3919 1325 9907 6221 1944 3780 4306 3813 4728 5249 3849 382 984 3616 9119 8425 7168 5271 9550 5589 3351 4615 2067 9968 7555 2820
31 6570 4469 6668 5966 1148 1558 5 4673 5457 9994 313 4844 92 863 9547 4328 9469 1033 9922 9171 4198 5663 137 5785 8902 3098 192 9080 788 3444 4901
30 6933 5552 1539 1712 5472 8438 5400 4001 3272 6538 2601 871 8391 6354 916 6060 1094 6540 2593 1910 8380 7391 4210 8742 6011 127 451 3956 6173 7759
29 2922 9960 8386 487 7084 1462 7910 8001 8441 3865 5304 9466 6024 8883 7233 5565 3567 7889 762 4868 9896 8856 7548 1107 783 4287 8682 8298 2217
27 3353 3902 280 7793 6890 8906 9719 6519 3556 7111 3989 1402 3464 2617 7859 6362 3047 324 8233 6035 1945 1153 7019 7923 7938 9873 3634
34 5835 5030 8406 8678 6093 1860 9984 6278 4887 8375 9477 2744 9808 1242 4533 7941 6780 231 4120 7888 297 4865 8495 3916 5626 7034 1827 2545 4255 5527 453 6266 3334 6575
28 4172 3288 314 4802 6410 9549 1009 5176 8316 3545 3484 5699 4547 9160 914 8355 418 1654 4056 260 6031 4620 8179 2638 8736 3457 6542 7341
28 8725 811 3333 5751 4697 62 5188 9183 5105 431 7955 5329 5405 3360 1467 2704 6462 3535 884 6695 2871 9114 3676 732 8100 2273 3872 9558
29 3190 1312 502 1964 5448 1612 2673 939 7931 4579 7706 7958 567 4713 2671 4280 6714 2702 9946 8705 4308 1989 8045 6688 1474 3092 8585 9544 8636
26 7678 4980 7380 9811 3050 8046 5522 4566 1609 9634 5420 5332 3269 3271 4207 3319 5186 5920 2222 8014 9508 5996 2523 5970 5991 6479
28 1134 6330 846 854 7982 1197 4309 4358 9853 2955 5064 4002 1650 3807 8675 693 3939 5399 8300 8822 9319 9610 2374 735 7521 1655 3826 4821
31 586 9038 3878 5898 2305 5151 8966 2154 2136 9851 4588 257 4374 4565 2833 8137 7431 2757 5958 5287 744 3973 9341 242 8451 8811 566 3041 9987 4956 2497
29 8450 8299 6062 3937 6509 7485 5126 1340 87 6824 4062 2040 4992 8094 5048 9552 9830 2411 6853 19 5893 2461 6089 4155 2376 20 9071 7697 3876
31 691 8440 810 2472 5896 7087 8790 2238 8377 5146 2802 8047 741 1490 8925 5006 7763 3409 1156 3261 2997 5469 5607 2875 9637 7644 9285 8918 561 4875 5679
30 2038 1833 5846 1139 5128 3164 2018 134 6218 1810 4559 168 4153 1163 5162 3393 2151 4538 8414 2839 6789 5929 3413 1481 8706 3237 1975 2041 836 2681
29 3831 7256 2496 8017 7864 6748 1220 9856 4350 8642 5687 4945 2044 8278 6208 4177 1832 6807 8684 8997 7710 1273 2486 7169 1479 4138 5280 2936 2338
29 9180 688 2000 2469 2145 952 9391 216 1194 4413 323 1189 7767 6814 7682 3753 3129 2945 7476 3600 6514 7113 9306 50 8510 5936 2716 2075 5392
28 5482 8372 6154 6935 3331 7607 6295 7693 4241 648 9218 6010 3983 4230 131 5187 247 705 9783 5923 4245 7687 1686 7730 6041 3664 4354 3436
30 1999 6613 2297 9951 3410 6348 1055 9753 5861 8466 9812 6999 2066 6684 8109 7265 2283 1567 5447 8313 6555 3658 293 7486 2927 6533 5650 5621 7165 5723
30 2758 4114 4494 8227 7219 3367 3266 682 8454 2247 5510 2646 3925 8857 7370 4343 1706 6106 299 481 4372 9897 6529 3093 2377 7139 3946 9064 4881 7348
32 9159 5645 523 5815 1429 9096 6816 9762 7629 8309 7472 9815 1182 1319 2092 1761 3853 5741 241 3162 4086 1940 3115 5814 6455 5765 3752 5813 1071 1184 7718 8694
28 6042 8184 1896 9492 7279 2768 3722 3033 0 6547 9436 373 1622 6954 2017 3700 8095 5199 4534 6054 4770 5902 6909 9124 9579 637 5284 9478
28 5254 2098 8383 328 7191 9974 6985 4069 93 689 6037 8760 9529 1389 2878 9411 6998 649 2521 148 7226 3053 1841 4450 426 1369 3580 8114
33 3117 6956 6001 6294 9632 6516 5714 174 9006 7847 1329 1920 7300 339 8871 4839 4750 4244 4085 9779 5103 2458 1077 6243 7567 8433 5677 1266 3451 1105 6737 5227 9770
28 7426 5455 2156 548 2169 6504 5744 3335 3544 3683 5781 9089 3020 1952 6375 48 5505 461 1338 5061 7814 770 1183 818 7050 5844 9109 1635
26 2851 2996 7569 3339 3126 1644 4304 883 4194 8877 3553 799 5075 3896 9297 8269 7070 7819 2074 5624 3842 1509 5430 4698 7194 6787
32 8172 7855 1468 3640 653 4314 8754 9439 3803 6550 3532 8988 4856 9281 4515 1261 6228 7238 6323 4509 2899 3714 6373 5684 6316 1527 8535 4666 4291 287 4235 2149
30 3491 90 5865 2399 7161 2401 2468 2774 1253 4500 1096 6914 1747 4919 1774 8882 6607 4555 5672 9518 1649 2733 8806 3655 809 4905 7396 5729 7537 2994
26 3883 6227 7397 9459 3671 1854 3243 2989 391 4019 6585 4132 143 9923 1783 9295 4609 9017 97 315 6619 9759 6052 1270 7806 2504
29 6781 1187 3551 8492 8431 6459 9752 9329 760 8517 3785 3791 1002 9750 2014 5972 5971 9674 4202 5335 2081 3689 7658 4326 2721 2514 2371 7399 85
27 389 7901 4246 7871 429 4249 4636 930 6309 8541 5293 4262 3286 5411 5093 6439 2889 6315 4653 4285 786 699 8555 6867 1385 8771 711
26 1717 9157 8415 4311 6123 6634 5157 1767 2511 2725 2122 8145 2984 9091 9344 3370 650 3621 7372 4173 1974 4959 9112 2834 4940 5987
31 8858 482 7494 5134 6815 8421 184 8581 6236 2175 7815 1023 2852 6291 1667 8362 8051 5248 3596 7628 4837 4606 1162 8852 2177 7551 2731 8792 696 8479 1921
28 1826 2163 3765 6250 5244 6027 2644 6389 9149 5070 7345 5852 6182 6399 557 7681 9999 3824 2402 5362 7547 4075 7461 7505 8218 6442 5470 2446
27 4611 7642 7946 8400 2965 8526 1004 9675 8904 7816 9780 5281 331 58 623 2108 8461 8156 8098 6144 8951 9433 8672 4702 1464 1928 1185
27 9413 7132 5195 2384 5117 6794 7412 5053 4864 8067 6510 603 7344 917 514 5393 9195 28 1922 2438 7224 9977 8845 378 5789 5851 3107
30 9049 5147 9104 3903 273 4910 4165 7361 3203 4889 1671 3494 9057 6187 4925 3180 5546 3814 4893 905 5179 8656 1722 4849 942 4593 1981 9452 6865 2863
28 6507 5388 4751 4279 5585 785 163 5742 1032 8917 6590 5497 6063 9299 9598 1918 180 4451 3428 6880 7594 6548 7602 7705 8658 9580 341 694
34 820 9360 2554 667 432 5308 9963 8970 743 2001 2061 5142 360 7387 3955 6025 9448 7844 2324 6930 1341 8259 7573 3217 6118 8354 3739 6751 344 6203 8024 7926 9860 973
30 8220 9696 4236 5511 1560 8701 1203 8572 739 6276 1082 886 6145 1489 6915 922 6706 407 3376 759 3666 8452 9086 9608 3135 859 7930 2119 6524 7471
30 2805 773 2241 7394 9052 1210 3755 630 435 2477 6084 4293 564 7740 9207 7493 5095 2245 8023 4475 8800 9578 8881 1912 4979 3112 616 1601 5050 2406
34 5604 9351 626 6200 2 4455 8615 4567 8746 8423 4562 5879 8055 5036 1867 4667 8938 580 5943 2256 6376 6850 7808 4787 7283 4142 1514 821 857 3614 6153 8891 6810 6413
32 1769 4661 9498 8850 350 6973 4227 6452 308 4950 3777 8912 3742 2760 2780 6192 7557 367 2714 4406 755 490 8138 3052 7057 1982 349 9082 9517 1015 8353 6055
32 3875 9246 7439 1036 3172 7742 5945 2359 8239 7356 4577 9420 4519 8734 1371 6811 6772 8926 3641 6963 7879 6469 5267 410 8252 9198 3438 6717 6901 3404 3870 6096
30 7277 2091 698 8080 1976 6563 7144 8711 4597 793 7671 5530 881 223 4092 1103 4317 1496 1047 3113 8921 1901 6107 542 607 4320 6503 8228 6564 9969
28 102 7047 9584 6871 3306 2186 504 5125 7927 9658 790 9654 6646 1963 6448 112 3552 8491 8107 272 2880 9472 9945 692 5344 4827 1313 1099
34 5919 2191 8205 1021 6363 60 6444 9540 3854 5376 3465 902 7765 5055 9970 5647 8335 6471 1063 5646 7700 7500 4404 875 6064 1026 6852 752 6077 7711 205 7424 6088 8019
28 7653 6770 8781 9039 4126 2024 1243 6369 8876 9270 5068 5904 3146 5137 4583 8124 7750 2660 5927 1400 4554 8467 8633 121 3734 3931 3403 9212
28 4119 3169 4807 1772 2212 5990 9504 6393 4758 7455 5192 6948 3806 9177 4421 6802 2327 1213 8198 9656 5141 3577 2896 8803 8731 2380 1399 1508
26 7674 2146 1424 8717 6177 9777 9989 7960 8004 6800 9689 9855 2606 7623 700 8599 263 7813 9530 8457 1534 9631 4490 617 4422 6625
29 7584 7320 3496 2813 5461 9123 3623 8697 1677 9406 5223 3167 7875 1589 1280 9367 6450 9570 4149 9070 6691 7 6370 7465 9348 9025 5747 1027 5561
28 8424 3756 5008 554 3312 1152 1016 6746 2622 1433 290 9375 9087 1034 8371 6414 6539 6905 5617 9337 1078 7452 1633 2328 8782 3024 4791 1596
30 4078 5535 5476 2244 8936 4286 9831 8756 2331 9451 1680 2052 3846 6352 5839 6742 815 2564 2792 9749 9142 8173 1646 2865 8088 9069 3993 1446 5372 8096
28 9168 8364 7011 8829 979 7952 7878 2680 4289 4997 9720 6582 4835 8038 5067 7196 3960 9266 3337 1234 1663 9167 5408 3649 4274 5712 4707 5486
27 6808 839 450 7744 5705 1076 771 2489 550 6385 8131 1395 8721 6721 628 5947 2581 756 1619 5891 129 2729 1374 5795 6798 6626 7775
29 3425 4671 4754 4327 2578 6280 3019 3420 6944 9885 3262 7039 5694 9739 6878 5581 1894 3599 716 3263 3357 6196 5025 661 7713 1881 3962 5635 9307
25 9888 5801 1196 3519 817 7845 1760 9565 36 3508 2502 9365 1135 7587 4027 4596 9626 6604 6984 9682 6560 9557 6159 4866 1911
28 1579 2607 3575 1100 9150 2701 2096 1299 261 3908 9593 5291 428 7112 6837 9630 354 2362 5623 8229 8326 6053 7154 860 1891 9349 4097 582
29 6424 9718 182 3501 7481 5082 7488 2608 2687 4799 9220 833 1564 2610 1972 643 751 3400 8960 1216 549 797 3469 3257 737 3406 5317 4526 1648
32 4960 2830 726 5156 6961 5263 1907 7185 3804 3281 2322 7142 5235 9260 2474 8665 7509 6741 6321 1391 3820 4812 7624 9199 9638 5088 3483 2065 7192 3226 8412 7215
28 7782 1942 8177 3560 7295 5251 1373 9078 3320 7009 6368 213 2251 7159 6962 9597 5338 4007 7293 9013 5381 4721 6222 5466 9687 9829 946 9741
28 493 3482 6664 2293 357 5610 5170 9781 5277 8944 8213 2355 9135 1552 6451 4051 303 7079 4399 9566 1605 5437 18 1254 6181 2999 4832 7886
27 2209 4433 5136 3951 9816 1639 311 4003 893 5951 2020 9736 4312 1571 2200 100 9801 4725 3793 1018 8160 6293 7463 3311 5609 8774 6135
28 934 5383 1805 2526 5680 6520 5901 6057 3904 1028 3648 4140 258 9278 2551 9326 7212 5242 4847 6967 3690 8021 3070 4907 7332 6673 9847 3517
28 175 1831 4390 4951 9219 2036 7408 3297 8741 6559 5028 3892 3563 6178 3065 585 5746 6518 2806 424 1296 9206 2655 8188 7683 1705 4516 2494
29 6423 8502 6214 8481 1175 6657 5351 2021 6572 6188 9983 4906 9389 7130 4139 3605 9209 4310 6487 6527 9711 7904 1658 2336 9978 8409 2291 2585 7187
27 4768 7606 1066 9804 6211 1093 8737 5739 1532 392 4440 1948 729 4598 6220 449 4118 2420 6788 4206 5221 2282 5582 480 6755 6952 7577
28 6812 8961 416 2003 9708 4486 8478 8812 1971 5906 1723 6434 5200 777 9060 5519 5487 1578 1252 8473 3206 1208 8427 8363 1762 7951 1323 5240
31 962 377 9366 7309 9669 4175 4858 3486 6978 2179 8593 7409 6651 1320 7308 1879 2800 6846 7626 9671 4842 774 7945 366 3699 1997 9353 9099 4058 1212 6588
28 2600 8453 5967 7120 2323 1740 1160 7338 6163 8588 5412 529 5451 4288 6426 4424 8498 5239 4035 8379 6381 364 8126 6141 4271 9778 9018 6596
28 9141 9445 4259 5127 2395 8933 5850 5556 8848 8700 2068 2116 249 3061 8597 5924 2174 3255 7685 6401 8998 4403 7360 2063 7542 7319 265 5033
27 5634 1130 9236 3953 5658 5307 3917 6361 8036 1427 5533 3174 1661 8621 5268 5642 6877 8113 1230 6803 1019 4362 4608 2712 3030 1653 7652
29 5832 3505 7648 3396 3680 9494 3528 4745 425 4638 9704 2720 3695 4371 4340 8029 912 1246 2596 454 6070 3990 7987 8174 2709 8959 6332 4419 7326
29 8097 3181 6461 1442 5724 2391 9393 1897 3388 1233 6318 1069 3819 9672 264 3886 183 3231 2684 3245 5563 317 5792 2778 3661 497 1327 2804 8392
31 3423 2223 159 1956 191 2135 8072 7016 2771 2562 1980 9771 4720 2076 9068 3828 5842 7378 2740 5614 9162 5754 346 6858 8203 8935 3779 5375 6969 9802 8232
28 6950 94 4944 9785 7579 8074 1985 1794 1898 194 7190 452 6997 2842 4943 2015 3869 6689 5078 2831 3307 897 7440 5864 5586 769 5953 5823
29 3922 4632 3099 9120 1659 2920 5390 5975 5514 3825 3490 1935 1321 1873 7831 7385 1673 5567 1973 483 864 5762 7902 7048 9065 2866 2444 3285 4331
30 1587 4349 8523 6635 2479 5416 5499 7441 1411 111 594 7802 5442 5874 6670 6223 255 4924 8208 562 1200 9744 7389 876 6907 5459 4735 3589 7066 1993
31 8946 5673 3701 2252 3744 9874 1344 106 5969 2919 718 9412 2935 7429 1144 6484 9729 2312 4706 7762 279 8600 2934 2553 113 3729 8002 4384 9444 503 849
26 577 5325 4878 5917 8273 3186 33 4185 7703 2891 4428 4382 4011 5202 4614 5806 536 5708 5871 5576 7933 2454 516 6029 8132 419
27 13 9581 4338 8586 8282 82 7721 6710 117 4247 9889 6252 5018 225 9185 3108 6841 2972 6124 5931 8729 8308 4631 6327 5618 3913 6207
29 8078 1691 8592 6474 4716 6485 7777 4079 4782 5811 7247 664 6743 3073 7236 7231 8304 9237 9271 767 7339 7619 5764 717 9863 4683 3106 6942 3082
27 4904 7539 477 5598 1795 7176 8968 9267 4929 8147 7355 4179 2657 1598 1225 1523 8839 5697 8301 3338 114 7354 1518 7107 1801 3381 4978
26 9601 7639 6819 6983 2752 4104 8494 5084 1792 5597 2656 5890 7549 337 2225 9525 3885 4742 3788 3358 6702 5009 6932 9293 2781 7021
32 9714 553 3005 9640 6016 236 7675 8398 2595 6531 4460 1557 5828 9 533 8295 6079 1789 6476 7083 3017 7565 6158 1311 9221 9865 749 6988 9383 5915 4111 7456
25 3060 7297 288 291 9590 9121 1735 4831 8511 2382 4749 5132 169 8975 1403 1336 7479 3597 9605 5873 8985 6761 3607 1533 3810
28 8849 2517 8977 2736 5333 571 1165 6112 2266 974 4497 8558 1046 3463 8221 3790 8817 5979 6886 2089 1900 754 8567 2510 3652 1150 4635 5107
30 3709 596 1704 7384 4400 4784 6966 3479 2613 8182 2509 3603 8832 6456 3488 9455 5577 6521 6302 9405 599 657 8064 7274 4462 5039 4531 7223 4775 7134
28 3592 6982 8026 3350 663 8266 3741 1821 5822 3850 6586 4456 5118 2817 6611 4496 4704 4389 4301 155 5735 4485 2383 8306 5285 371 9410 5638
27 3766 6796 8356 1417 873 1996 9583 1121 4032 6449 5974 5761 9256 7893 5982 6334 8571 5676 3862 520 823 9074 6059 4872 3062 977 9822
25 1574 8669 3579 3659 9772 2519 7028 6750 1290 4101 3454 5847 4294 4829 6365 2798 5692 5605 6004 9840 9813 4798 852 7921 9192
32 3873 9136 9075 9522 4607 4156 7974 9394 2536 1064 9733 4292 7672 1085 2675 9935 9876 9810 2364 3602 5980 3012 4022 9649 6848 1500 9886 7807 8165 9463 4714 4690
31 2139 7918 8851 968 7367 9761 3836 2868 4642 8005 2832 1360 3506 54 2539 2686 1914 5299 1383 1611 8947 4464 4013 4613 4790 3141 9900 4197 7764 2809 1864
30 9014 9213 3119 6402 8083 837 208 7513 6473 5490 8253 2412 237 8963 4128 3470 8336 923 268 2898 4928 945 1041 6420 5140 1538 6447 2268 4540 5273
27 4466 7511 1407 9967 5058 2637 3489 9491 7401 4564 7838 3981 8338 3458 6617 7210 1286 438 151 7659 4150 2211 9320 7261 6722 2213 5666
31 3387 8835 1816 7552 1422 1515 8727 7296 5301 1039 9842 67 4423 4417 8422 5409 3301 6758 2700 9316 742 7170 4537 2284 2109 6577 2828 3697 8240 9882 5255
31 4322 8607 8027 7020 5574 9165 4313 9380 5769 3835 7122 3310 1176 6945 2869 6565 6353 2133 3776 6875 165 6297 1528 8719 6694 6659 8779 2942 7837 1946 2659
27 1572 9814 3492 8903 8733 1421 4393 8532 2525 6690 3402 4316 4599 5720 7044 4656 4541 3822 6043 4203 9603 7101 640 7106 8272 4268 447
28 4141 625 1330 1675 6912 173 2027 2947 2590 7059 3124 7288 5727 4373 494 9046 3056 6505 9005 944 7920 8163 1318 4366 4820 1550 6830 4789
29 526 3179 9506 3264 5968 3536 1588 7061 4341 6847 3315 7237 5909 7012 9122 5394 7217 8016 853 7420 8209 4463 5686 1957 1543 4580 7002 950 5674
27 8044 6578 8833 5867 4015 3427 7374 1688 7188 9250 1294 3096 2060 7758 4482 5123 1884 3624 6723 7073 1869 1576 2093 7856 6157 8351 5260
30 6229 474 3899 7335 7323 5829 7773 5166 6359 1707 9314 6412 972 2184 8826 1721 7058 982 4438 5495 7632 8312 6645 3726 9569 6569 6415 2487 8092 7364
33 1711 3704 1040 9227 170 1554 215 5883 7538 5639 1759 7670 9029 1405 4546 1885 9390 9430 4955 4493 842 2460 3900 5089 1782 9661 3219 6201 1798 9505 5481 1315 4347
30 701 804 1035 6595 40 4219 2815 4084 2439 9622 5760 2707 2835 1754 3975 4081 1838 5373 8999 3293 7133 9516 9357 5824 8690 2498 9244 1295 1559 6017
28 8099 8544 6687 6864 3844 9115 7406 9571 3018 400 7484 8284 8752 2903 5718 6698 1272 6466 2026 1087 5807 9298 284 5575 1728 6008 2786 9343
27 3216 1125 8134 8949 3139 6753 6866 4193 8025 4064 7983 4430 7104 2540 9312 8972 5810 7350 3466 4330 2773 963 9523 3663 9866 9768 6885
30 3155 9992 3149 7986 2633 3292 8924 1904 4044 9153 8617 9332 4100 1796 4578 5214 4623 2231 8480 6083 3751 4216 8456 948 3940 6358 8484 7004 3555 4329
29 8995 5326 4507 8872 7715 2295 7988 3882 2892 4691 5311 8294 3456 7290 2300 3418 7570 5636 8767 1065 8069 8411 3947 8648 4584 6783 2306 3530 1289
31 746 766 5545 4415 404 1441 690 6274 1895 2176 5119 6705 1709 6763 7792 7099 4756 4843 2492 1563 1757 7971 7913 506 4270 2626 3959 5926 5021 4364 9600
29 6392 5336 5903 8003 9520 9678 1300 3430 7580 7415 8153 8769 8115 918 4213 4477 2219 3253 370 4649 3964 9775 142 8632 4681 9642 8501 7654 1627
26 2672 2765 7402 7724 3702 8500 8488 8235 4640 8040 5592 1880 6612 5379 9666 6146 1 3329 7634 2347 9205 441 9277 2170 2143 2719
28 1408 3235 2916 7575 3118 1592 420 3487 1516 6574 1436 7242 1452 7102 4737 4946 7433 179 1696 1617 2160 3559 3239 8164 8953 3349 1851 6804
25 6975 405 2005 4529 2775 8050 3821 5100 2867 7282 510 2632 270 2979 5590 3884 9920 7051 5250 5300 6022 6921 4699 6663 4964
30 78 436 6857 5112 7116 2912 851 2409 7202 3212 9835 1158 1168 933 7701 1482 1866 5730 2043 4738 1656 5111 727 708 8388 1930 2627 4224 7903 3071
24 4189 7186 1807 5116 3380 5210 4828 5772 2280 9862 3356 8007 7271 3928 2029 3945 3296 5328 267 2437 1237 8516 5002 6216
29 8980 9662 5756 3471 2876 7798 7416 593 4530 9745 3192 7330 6609 6862 8899 2577 5450 9673 4970 9981 9016 8704 8738 2597 9022 3943 3057 1638 3021
28 5014 5583 4937 7528 2218 2129 8251 3086 2799 8245 2857 7404 5848 7363 6166 633 3109 8171 1101 6913 6840 5234 2294 2257 8981 9003 5717 7417
25 3516 2864 7611 676 167 9665 243 9548 8413 5080 7043 475 95 1536 5573 5750 4781 8136 5316 3706 1396 4561 120 9782 9799
29 1813 4757 7698 9817 220 8609 9648 7916 1307 1986 9051 8538 2944 1719 611 5040 5884 2173 6759 2271 9269 1388 9374 2302 8110 575 7801 9724 2451
27 3363 9248 2365 9699 2239 3318 2770 7489 927 1679 8215 1003 5782 2981 4845 6403 1780 3031 6132 4041 4971 464 2938 8880 2349 5473 6422
32 8786 6543 8654 915 144 6910 3851 7800 1888 2937 5133 1493 6674 1934 4180 2204 9609 2658 803 1950 7208 9944 6023 4558 3154 2250 9253 7738 448 9100 5562 2436
29 4115 1573 7096 5721 5129 3907 8651 4298 1127 2071 4124 7068 7459 5330 5804 7124 9683 5098 6900 3140 6391 5243 5981 6797 6745 7968 1136 7747 3116
27 4935 2086 8399 3417 6822 3573 6615 5425 7473 5309 5661 3136 4160 6483 8373 9427 4836 2723 3178 3294 9364 9181 651 5937 7435 7593 7917
31 5062 4805 7475 2396 4573 9467 9310 685 1370 9760 7873 5830 2576 7167 4072 4378 5205 2319 6589 7535 7451 4324 3910 1685 2214 240 8011 2400 6680 212 5885
29 9111 8590 5740 9933 8950 9263 4942 6128 4251 3130 5397 3280 1460 4215 1507 96 4693 5331 8230 6549 7193 2317 8922 4468 2812 415 3958 3829 5193
28 1965 1846 9820 9646 8885 3412 2138 5925 4273 200 4363 8677 5124 1126 1314 4258 5541 6045 4861 1379 2361 7736 1586 1714 1119 3979 1522 7688
27 4852 3775 9891 9621 1604 704 3858 5159 3784 2909 8562 5869 7346 278 7836 6494 1806 3485 401 765 1501 8770 77 4517 951 4767 2367
30 4052 9740 4060 2933 3950 684 8293 7467 8553 1326 1207 1228 7766 8722 3382 5191 2326 7912 6443 7398 9639 7954 8010 5341 5665 4367 4695 2431 6647 6090
26 9925 6600 3322 9612 6995 4788 5596 1012 5802 569 5169 8605 6114 7310 8087 5899 8291 1116 5788 9486 1583 787 4228 2088 2850 7368
29 1048 188 2012 3582 4355 2258 5218 7748 5074 1011 8296 3246 8279 2220 7556 1876 4610 2453 4991 3365 433 9369 2883 2962 7746 990 953 8964 5454
29 654 3209 6497 4318 7707 3009 9773 606 5396 720 2320 6357 6287 7443 3449 6433 802 101 6288 3852 7403 458 1155 4296 9342 2862 9991 5551 3048
27 4065 3832 4170 3987 2141 7430 8410 3619 9186 8783 6795 6138 359 9618 6272 6418 1713 2708 2379 1265 1084 579 7600 2072 6784 3758 1397
29 4182 4447 8434 6155 1380 7637 5433 9362 6300 9126 9173 8347 116 3730 866 9325 3890 8429 3372 3965 269 3165 7512 5560 1947 8776 6161 6142 2894
25 9861 6980 6623 9190 3049 385 3520 7483 7450 6552 9216 345 7702 6545 9066 7143 5616 8405 8202 5629 7413 9474 6883 7294 75
31 9189 2795 8919 8324 906 721 1276 6007 2450 3802 9562 1889 4136 5108 6457 1856 5443 4125 3359 538 6827 6333 6372 6066 3066 892 6013 7731 9786 9607 7162
29 9435 1038 6888 2195 8162 1229 6752 794 4785 1419 2325 6367 2811 1553 3786 7558 1117 1584 7963 6558 4939 8280 8789 1181 7214 3719 1350 1235 3748
27 152 1191 4067 2304 779 4005 6826 5424 2574 7597 4679 8189 9655 2404 9902 4471 6119 5081 1652 4879 6568 8474 4505 6943 7553 8216 5320
24 5057 8207 4996 3373 8714 4278 6244 7768 7680 5297 7466 6378 5367 7919 2006 8370 4305 3029 9331 1811 181 2907 3901 6121
29 7427 551 9408 8063 2137 8417 6652 2983 8723 2654 1526 6098 6174 4669 1840 6621 2070 4016 4854 4528 8287 2612 6260 8554 5231 3289 3474 362 6014
28 602 8504 4088 7253 2353 8462 7464 8620 5274 2538 3277 3631 781 1249 4148 6924 3085 7732 176 1463 6047 3087 6583 3493 2718 6303 8589 6246
24 6197 9850 5965 6150 8693 2167 745 74 4520 6183 9311 8140 369 7081 5272 7684 1180 4920 9859 8393 8522 8077 2099 3375
33 4760 4501 5608 4481 1835 3291 3757 393 4394 3558 5312 5502 5429 6460 4379 6665 4420 1662 3211 3837 440 9867 7241 3736 728 6592 3542 8810 3796 4592 7772 8470 3952
28 2378 7487 1924 4217 229 7679 164 8256 5757 4542 3548 8231 3893 7258 6175 9276 4103 5498 6232 3738 8557 4036 2285 5536 9113 1255 6955 4747
31 5046 5613 3027 7449 1390 4252 6437 1149 4457 6344 9526 1742 6082 989 1439 635 386 5131 8671 8525 3999 1008 8676 9146 4336 4664 8979 4913 6947 1791 2507
29 7633 5837 7251 3259 5102 9242 6395 2797 9457 5403 7131 2946 1933 7532 245 9564 2111 5957 8827 2208 4876 5321 3270 2421 6478 6506 5667 3038 8314
30 445 4260 4166 5345 7699 9937 8006 7866 3341 6697 4591 5854 6716 9588 2206 955 5628 524 4405 6934 7311 1110 3447 6887 7477 4811 587 7966 8307 4361
27 9371 3025 9202 4957 3150 678 4627 5587 1477 6989 8967 3879 8436 1830 5594 414 478 9083 8340 6116 5011 6239 6335 3988 1288 4502 8753
28 3590 6897 4773 6889 3954 7177 6481 9955 4145 3254 6233 1166 7596 189 6591 6895 9424 1927 4453 8303 8048 2196 6517 4105 6704 7246 7850 7559
25 660 5241 5564 2140 5940 1283 1917 252 7651 6171 4988 5198 6006 758 6861 9998 8674 4668 1859 8929 4746 9563 9615 825 3818
30 4473 5097 8971 3260 850 1575 2429 9315 7981 2960 7812 8859 4823 7620 2761 2010 1054 8614 6628 8119 1803 4333 1699 6771 5719 4020 8895 5859 1106 2155
31 4071 9727 3460 7922 9956 2352 8281 3669 1420 2624 3229 8862 353 778 2900 6137 4199 7075 903 7425 3394 3809 3200 3224 894 6709 5526 2789 2530 4712 7264
25 7828 4796 1842 5237 8234 4817 9356 9133 9231 413 9012 798 683 2342 1122 381 7578 7095 6108 5180 5294 621 9422 2556 1651
28 3236 281 3698 3696 408 7872 2470 7661 7761 6707 5818 4658 6429 9008 9359 9616 2821 8519 2333 326 1335 9225 8940 6251 2819 9828 3279 2783
32 7662 2698 9868 1751 7026 7625 2106 1784 3182 4545 597 1852 9910 9703 8659 394 3778 8761 1070 3677 9103 3007 4429 9265 1953 9301 8777 9788 31 5513 6656 647
27 7937 8983 747 3268 3898 5144 6500 6099 4315 5568 3546 6310 6809 8329 4676 3891 6417 9911 7797 5743 7818 312 4297 3355 6371 9404 5954
32 1109 9443 3533 5069 276 3064 6102 309 4096 2410 8914 9289 1248 6856 3515 5766 4074 6873 8490 8610 6111 7999 244 1357 7665 1031 7618 641 4518 8290 8167 6202
29 1472 1512 8166 3679 2573 2966 6580 1770 9533 7660 6256 4281 6454 5611 4161 5732 2315 1495 7975 2602 3732 9926 6467 316 8112 2533 1263 5029 9700
29 570 5557 4568 4068 2930 1282 4621 3984 9949 8493 525 6033 911 3798 3317 9877 6726 7248 3088 6775 9009 3874 9536 2197 8533 2571 8317 6898 960
28 7576 6683 5197 3781 9076 8575 4093 8264 670 4888 5413 1045 8035 1829 1530 5737 2975 1591 6285 3564 3497 8065 8836 7868 7508 390 7885 9958
27 5465 4397 8740 4442 4391 8798 9880 6277 8369 2897 7157 782 5504 9707 254 5295 2113 347 7303 296 5286 2667 9001 3328 5374 2296 333
25 2993 5595 7979 2506 4628 3114 9485 7592 110 161 3721 6143 9024 3512 5422 5841 6736 9102 4744 2443 1443 3687 4412 2807 511
27 1641 1271 4099 1059 158 6411 975 565 5601 822 8455 858 8135 9617 7591 5038 4670 8612 7454 3309 880 5091 105 5907 6028 7854 7690
27 8551 9200 3476 2747 7327 6902 8322 2552 3743 4127 7072 4045 5786 6530 4525 1195 8984 2490 8212 2356 3022 7128 5386 4895 7470 9330 9941
28 4753 2583 128 1862 8699 6113 4587 784 9961 6971 230 3166 2062 7007 6908 539 3692 4240 1231 8608 2641 2579 5709 1337 7970 6823 9555 3531
27 9488 9791 2836 1275 4476 5201 9975 2039 7135 199 5791 3368 2759 9252 9323 9077 5150 3414 1992 4234 8485 6076 7164 6184 8945 1690 5211
30 207 7343 5031 9385 627 81 9599 5875 8154 5704 620 753 2808 8591 5808 3477 8688 4470 812 7961 7550 2628 4816 3133 5571 1378 3906 7839 1367 9418
28 9215 1425 5185 6556 941 2158 3185 1676 7091 2651 4344 239 3010 8254 9668 2697 5554 4786 7646 4491 1814 4000 8084 3015 8376 3816 8583 2791
28 7148 8730 1779 9966 1267 7728 2838 8249 6567 7503 2986 7377 8426 9959 4277 7795 7803 985 9345 46 7434 4484 7734 4061 486 8941 6061 6511
29 138 352 563 4560 7383 1681 3847 8285 8649 6523 7784 715 7525 5441 3771 9217 6072 9047 3184 7003 2192 725 7892 2991 5882 4380 7729 1001 4977
26 558 3856 34 6117 3295 6681 7668 964 5439 1610 2558 1647 545 954 5426 1819 4838 6724 4133 827 9377 3800 882 7861 966 9510
30 1386 687 5942 4006 5456 8549 4183 7944 4134 8528 734 4732 527 2354 2056 1409 9852 3204 285 1291 8161 3933 5452 7501 8542 6818 7090 1727 126 7272
30 9988 3503 9304 4966 1855 813 2918 9461 4885 7291 70 8350 5691 8814 5716 3920 5622 7218 355 1748 7255 3593 1086 1546 485 7281 2737 4257 7474 7820
26 9543 6785 3302 4046 2168 53 8012 3647 2843 1218 3298 2998 2413 5104 7307 7676 9709 6528 5866 8342 5380 2618 6660 3583 2123 8816
28 666 2335 479 5566 4834 8178 1245 8646 1081 4822 7400 2825 709 5027 4819 2568 8847 6958 9028 5364 5932 3374 7228 6339 1333 2911 7533 4506
28 5777 9826 6231 2860 5313 3300 4048 4575 1304 7610 2120 865 4603 1453 8168 5013 7023 6571 7627 6194 9305 9903 3208 638 8916 3468 518 969
28 2265 3076 9695 1614 3122 5167 8506 1602 9274 6185 5292 2977 5820 6438 9140 4645 8186 2665 4982 8748 1966 8556 5615 843 4793 2829 2386 2388
29 4398 8472 7448 1822 6313 2166 5796 3625 5748 619 7032 4696 1870 305 3672 1511 1645 1684 8419 5602 6468 9479 1506 5728 5196 5734 6633 8819 5690
31 4764 1062 1014 2430 6005 7158 8320 2748 8460 6708 7407 1630 2685 7860 8762 2216 8587 3754 591 7825 1476 7085 8428 6355 5445 4705 79 7166 24 3059 9932
30 3511 9031 8565 2963 1080 8250 9909 7054 5878 5763 3110 8907 7990 3543 8255 8560 8732 2130 7881 6058 6270 6458 423 1297 9953 1305 6667 9161 6546 2254
25 9282 5532 7894 1124 1293 7598 6919 409 4163 1000 1960 986 6338 1977 6526 6314 5620 29 4265 6838 9805 8195 2481 2267 519
24 601 2874 2971 7109 1217 4137 3905 4527 3228 8505 1244 6298 5220 1887 7585 3569 3097 7198 9468 9201 7453 2776 1678 9914
29 671 3247 6640 4239 7867 2126 8569 8718 4880 2009 2030 2948 2495 1483 5994 2077 1886 2910 4595 488 4445 1232 6661 3510 2203 940 467 2810 1199
28 9155 1925 5984 3643 4436 7482 6292 1547 5784 2064 3176 83 642 2923 9158 6176 153 4814 6760 992 7507 3969 622 4908 4411 3668 4585 9527
30 2636 27 9591 4169 5377 1049 8937 7239 8463 848 5508 7753 1988 600 2534 7953 3137 6977 6050 4498 1164 2816 5656 8359 9004 1580 5549 491 5897 411
27 4077 3911 2858 2350 5520 4983 6267 9437 3654 8330 2643 1695 2743 3220 1535 9169 2447 444 4618 6346 160 7445 5359 1629 8236 8180 8311
28 6845 2090 3972 1670 9224 5005 2279 7299 6747 3037 1871 2055 7213 3705 831 7779 9419 9426 2754 2941 1733 3509 8772 4042 47 2814 9838 3143
26 993 7337 6046 1499 2051 5654 7605 3429 9737 1724 1524 2465 947 9283 7898 1013 5212 772 1844 5715 25 1279 9423 3366 9431 9346
30 9872 6425 7752 7442 8766 971 6215 465 7536 5963 5834 8509 1498 210 4934 3895 9717 801 2650 3787 9313 6986 5599 1834 9542 9927 1916 6217 4063 6051
29 9742 5245 9930 5109 3 3716 7719 3513 383 9178 8325 4818 6813 2416 2682 2970 8031 6306 5389 9085 3792 6080 1857 455 509 4947 5736 3159 900
28 4974 8468 8170 6756 9462 5682 1804 8022 9338 4483 9973 3194 2124 7589 4748 1358 6380 9659 1625 3000 2210 6926 6289 3459 7804 3218 4339 5065
28 8724 3991 2482 4710 555 8365 2289 9308 7062 9976 7275 3434 2316 9279 9763 3495 2951 834 8973 4778 7599 7469 9539 6040 4459 6532 5161 8887
33 2452 1247 2855 1520 9175 4195 5949 6049 4356 5401 4641 8318 872 8448 3011 7696 7725 5485 8702 7040 508 9125 8570 5892 3526 2856 9686 218 4479 3645 2215 4871 3660
27 3123 8545 2332 2228 6237 1264 5912 9456 2531 8840 3078 9839 9187 4511 4723 3102 7438 7495 9000 5004 712 3424 730 166 7852 2016 6172
29 7883 7216 3316 3811 768 9803 380 6553 2183 3379 868 7554 3685 522 5270 9794 6884 6326 8444 6949 154 6855 8853 3995 6324 4995 1022 3633 4275
30 3815 476 4214 6936 8053 5086 4323 679 2738 9986 3678 4833 9502 609 4098 2837 5378 6396 6938 1426 7940 3230 7301 2483 9878 1958 7156 3522 224 4131
28 3256 6347 2418 4777 1260 5051 8594 7751 8641 4334 1708 5550 1128 9844 5477 9483 8773 4572 4899 9843 1362 6489 2340 856 6360 5928 5877 7492
29 6638 3628 6151 4535 2253 2801 9898 3156 9442 991 9908 8144 5913 3034 6100 5758 3574 1240 5572 9396 469 9879 7197 4733 4337 2105 2441 2594 5044
31 5500 3632 9957 5528 8778 4186 8884 147 9795 943 6015 9690 9979 8611 5306 1146 7199 6629 4106 5989 5246 5099 1157 3691 1328 7342 2505 8305 8070 6561 7010
29 7822 8543 6258 2048 6844 5637 6738 2961 7038 5407 2928 6693 9081 8915 4851 4109 645 4054 8866 2726 1510 136 885 2905 3727 6308 4998 845 5269
26 8315 3104 330 6970 9636 7436 2301 4454 4031 7243 76 5219 6253 604 3961 56 9487 3252 6896 5264 5085 5515 8068 3840 3305 9837
30 8407 4303 736 8261 629 6618 2232 5090 2457 203 7811 2705 2877 1744 4813 8578 9560 226 8868 8662 7497 4242 4267 4108 3930 2706 2357 6821 3918 2980
33 6891 6671 7031 2693 780 8439 5052 4472 3724 4095 9917 3058 9179 3251 178 8630 2741 7514 5001 2229 9701 4987 7669 6733 6917 4783 1287 806 9398 9971 4135 4014 2854
29 9284 5041 5938 8547 1241 8991 6859 4809 2142 4647 2153 8482 4918 7171 2888 7630 5493 8420 2974 6937 7017 1731 6769 8197 9476 9164 2969 2007 592
27 2652 4066 7331 5612 4629 221 2782 8673 1725 2689 7257 9871 3121 1621 4365 2466 6400 5043 2742 988 9789 7601 7544 2572 4461 2561 5738
30 8709 2550 8952 6092 6445 7519 4867 5683 4231 5303 1549 5121 9090 9728 5417 7663 1494 7053 2110 4191 5468 7640 7530 1372 3713 5946 6920 4954 3868 9255
29 1577 4392 9743 9352 7543 443 3443 8831 2674 9059 358 5350 7928 5352 8661 3199 3026 733 9551 7373 2676 6642 217 9620 4360 5559 578 3808 2849
31 5798 4701 8566 5910 7865 6703 888 2303 2260 8821 1352 2424 1416 9011 2087 1903 2272 1970 1334 9245 4427 1331 6241 2732 3111 8637 9710 5918 1991 2134 7649
30 6669 9538 9913 61 5534 5226 7992 6868 7891 9954 9883 1423 1092 584 9228 9845 1413 7737 4648 7314 829 9137 4968 5225 4884 4973 3207 7997 2952 3232
29 3233 4949 4122 4909 8584 8791 4589 4110 8655 2735 2826 9233 6544 5114 7564 1073 5458 3342 8785 206 9496 9657 7717 1626 6929 3653 6960 5410 6148
30 8595 2442 3694 9836 5783 6779 5446 4953 7745 2513 5501 5803 9464 6836 5356 2309 500 9985 8086 1949 4755 5558 3163 1790 7616 6654 5507 8539 655 8909
26 9211 4057 702 7650 2101 9864 9324 9818 8191 8337 6486 844 4815 3068 7510 3761 4073 8635 8716 3996 6713 9347 4548 3957 1773 9848
28 4616 1364 8297 2755 4248 4302 5323 3439 6470 7835 8628 384 4952 71 1091 2730 9823 1848 2270 6199 2073 2471 8622 4008 9134 4590 119 1778
30 2417 8366 6482 1745 1448 7149 3079 4874 4055 7743 5440 3392 4612 1406 4637 492 8867 1632 6739 6020 2023 1569 7827 2529 10 5812 9698 6271 9163 1111
25 7995 7030 7581 3518 1123 7842 6522 3234 9035 1908 9043 7276 6968 7129 7943 2696 6641 139 6801 2392 5158 4381 9748 2493 9556
25 8644 9117 5914 2940 8613 2144 7022 3151 7046 1694 9793 2520 1847 1636 6653 5825 6195 7826 5722 9259 9948 7094 2902 8360 3006
27 6603 23 4660 5310 8530 2873 5706 1593 2908 1797 3362 4401 8939 9414 7146 8129 8196 8082 9511 7780 6290 7998 8219 7858 1486 2634 3227
29 1753 6597 7496 7230 9139 4933 4495 6299 7840 926 3215 3105 7071 5998 2408 4090 1171 2193 52 4654 2344 4441 9746 8275 459 9582 3197 5361 2611
28 7324 6720 665 3762 5460 949 1238 3604 8042 9363 7925 8808 5480 7785 3435 3812 3944 4761 8860 6180 6039 2598 3768 3861 1877 581 6513 8805
28 8346 7222 5908 9559 5860 2375 4734 22 8486 7336 8976 403 6941 512 4434 8401 6009 1502 7262 1043 6131 6342 5120 1209 2448 4552 9697 4678
29 3562 7704 7183 1926 4152 1042 8577 6535 1132 4684 1825 5347 7846 3585 2615 4883 4492 5419 3473 9239 4233 8923 4651 7520 8043 196 5092 5489 3570
27 9594 3534 3385 4976 795 4730 1151 4465 8993 1074 123 5600 1892 7615 999 1858 8643 3549 348 6219 5888 4121 6799 7517 5678 4037 7590
29 4049 275 4543 417 3324 3735 3442 1923 2609 5296 4931 1872 4544 9821 9651 387 3568 66 6953 3325 631 1356 8071 1628 7972 8708 8830 5432 5988
28 395 6754 7351 4144 9302 6686 6212 530 8483 2083 5366 4443 3131 9792 8489 4335 1169 613 7141 4663 6259 7905 7287 4416 5870 340 8443 6164
28 3265 5049 5794 2756 3036 8992 1342 9044 4432 5238 2943 7830 133 2560 9290 9098 2653 325 7783 2787 6477 5019 7376 1815 8061 937 1268 2518
29 3611 1060 7358 3914 1600 5726 91 177 2318 4396 4431 1206 1044 6829 9996 6644 4570 2690 7582 8030 7562 898 4999 1470 7152 5256 8374 6806 7418
28 7735 9288 7695 3201 2147 8381 3871 9084 576 4898 560 5689 2235 7882 5648 1351 9928 6682 7211 9574 146 8243 7125 1316 4680 7371 7422 1363
28 5370 4794 1818 2614 3275 319 8263 3887 878 7423 1698 7025 2845 2287 8200 2663 9174 4894 3282 867 9402 614 983 44 4762 9094 2957 537
24 5524 1893 544 7151 304 2053 1414 7240 8974 1899 4892 6388 965 5479 2425 1623 5778 1478 351 3369 7280 7089 9918 4915
29 1817 9635 9884 6677 9322 3238 1198 9107 3715 9919 4168 9116 7150 2165 3446 5775 211 2307 7357 8869 6608 2159 3712 1716 1404 3421 8387 1990 2763
28 5354 4989 7042 3462 2767 4718 1865 7561 2233 51 1349 6773 9303 877 2549 6594 6104 4860 6685 935 3980 5305 88 4196 12 501 1607 6279
31 7609 286 7173 8049 9033 4250 35 3644 2853 987 8652 9575 7056 8020 376 7069 6384 2485 7353 7285 763 2688 3966 5544 1274 6899 7524 2537 3148 8548 7534
30 1938 9447 5653 8503 434 8663 8634 365 190 4370 1431 2100 5083 9370 6129 559 2125 2753 2341 9596 2022 2515 1324 8521 9819 9667 2567 2189 7805 6906
28 9858 6319 5475 5632 338 7286 7375 1302 219 9056 2522 8813 2390 9501 7924 1173 6512 1366 4826 6987 6034 6834 9176 1874 7121 3601 8743 7899
29 2182 256 4650 1465 3267 1542 8897 1932 3711 925 5035 9664 55 6026 9712 9409 4557 9528 3773 4731 8101 4449 8576 8058 7791 9613 9358 3857 4184
29 8085 9037 1700 9515 589 5670 7880 1777 9339 9254 6893 8931 7001 2683 2372 6350 2695 4010 4911 6193 9715 4209 6911 2491 634 7478 9869 6264 8618
25 8579 3361 1140 2037 2746 2058 6643 4478 8687 1118 8224 7906 9300 2882 3343 3013 5385 7041 6923 2199 4038 547 2516 2456 9204
28 9328 8568 5206 3867 2343 1257 9825 4975 5163 7390 332 3191 4266 9769 8148 214 5790 5688 7964 8735 2764 9680 6209 2046 6169 3138 4963 7641
28 1660 8657 1491 1037 5855 3283 8368 3001 5315 7078 6329 3797 1915 2019 6345 3525 6078 222 7823 3222 8703 6071 4810 7967 4369 1428 7362 7936
31 3968 5952 9787 1505 7603 8954 7526 8000 2274 8794 8623 1444 334 4825 4218 5800 8475 6075 64 9929 9521 3843 9048 2476 1718 2559 3938 1943 2895 4685 7207
30 1764 5973 4091 9130 3845 7870 674 5887 5369 1693 6069 7108 2397 5063 8334 2114 7088 8713 4800 1845 342 8664 3538 9602 6631 1682 9679 1615 8768 7049
29 8404 6729 1756 1025 1913 6658 3103 6874 5278 6711 8668 4435 6213 3390 2171 2939 4146 379 1906 3371 9401 3935 2621 9503 714 3547 4981 9152 2661
27 8039 528 5171 4694 1322 356 3398 4857 3035 1919 909 8650 5827 8210 2886 7093 2580 9105 8102 2117 7666 8747 251 4841 2985 3554 6130
31 8546 4797 2604 7976 7723 6766 2710 9585 3934 1620 4652 5175 7824 907 1056 8864 3063 8990 6851 7622 4752 6863 5853 3749 3002 932 9633 5593 5948 4254 1177
26 3877 2803 1909 9454 15 1521 9943 8476 3863 5282 430 4448 2508 4700 8843 248 9512 6081 9449 4409 4039 3450 5685 5591 5204 4659
28 2711 534 598 9384 4009 4553 9407 6286 8645 6515 7305 7334 3147 8384 3441 318 7221 7064 4846 7444 298 2751 2095 7411 3760 368 8932 9145
28 9054 612 4765 3921 6030 1631 3731 5228 2679 1519 3336 4375 228 1147 1458 1052 2187 5631 9611 672 7874 7302 7055 1017 3909 574 9188 9982
26 8267 3681 7636 6620 8277 740 7110 8911 4264 8894 8755 5894 2893 8982 8321 3089 201 7250 9036 149 3588 2094 2501 6397 4897 7756
29 9194 3258 108 9128 879 73 8564 4387 8292 9798 1089 7328 9222 2645 6398 5695 2226 398 6957 8930 7686 3613 7754 1951 3936 2385 7934 3529 4916
26 6190 1285 5247 4200 9229 1368 5302 5843 9482 3290 6993 5664 9800 9453 5627 8034 7027 9432 7446 8361 1529 6593 1594 624 4345 6835
33 6021 9568 3598 7890 4715 4655 4082 3783 8328 5253 4388 5023 995 9247 9007 8248 9261 1517 4549 4059 1581 8367 6140 9493 3725 5992 8169 1108 2269 796 9645 8683 6576
30 3384 5149 8969 1983 9378 2664 9537 6036 6312 1193 8602 6224 7312 2973 895 7013 6204 5056 3378 976 7506 9062 2619 7480 1786 5725 5032 6496 1551 2678
28 5262 8927 1205 9806 9625 2298 800 6160 9093 8889 140 8775 5265 838 8942 2462 17 9758 4711 6831 7092 9623 1375 4688 1634 8744 9995 1793
28 3198 7395 3383 8625 4386 7249 1095 4282 484 4229 472 1104 9964 4295 5993 1142 4080 3971 5003 3718 3789 1251 9108 6534 1393 5471 7322 4300
29 5955 8934 5696 5868 4948 4116 7163 5821 6364 2924 4689 5024 805 3747 7778 4043 4162 1006 3915 7571 1703 2669 4319 37 2422 5809 9438 4965 124
28 957 6879 2205 961 1758 171 5693 541 6854 6331 3774 3507 2699 259 1029 2739 3657 7155 6110 1823 4508 4563 2796 3214 6377 4512 9296 697
28 750 1365 5997 9268 6767 6262 5368 7393 5406 5900 5856 7000 3134 412 9002 6147 8529 6649 5986 5194 658 7182 8905 4222 41 5960 2249 8670
29 4581 5934 69 6073 6322 899 7896 1836 8206 7036 8815 3834 1223 5767 7757 5076 8226 1702 4719 3976 1432 1570 814 6828 427 2915 1484 7908 7136
29 7794 7235 2777 3682 5436 4703 3830 8349 5071 6225 39 2314 2546 1221 4033 595 6939 9676 7325 2180 8382 2162 1112 6086 5261 5548 2031 6038 3504
30 1788 1437 2557 5675 9079 3557 738 3205 9182 7105 5793 8214 3127 7612 1170 1451 713 9757 3927 1450 9473 9807 9663 5872 9572 4571 6637 8978 4771 7527
29 6257 5324 2512 5668 3347 6731 4377 8458 1545 21 5983 8437 9280 3132 920 981 4094 1565 8 8091 9210 1497 9881 9713 6012 8784 7270 7947 9832
27 1377 2524 6275 7667 5525 456 5911 9203 4130 5770 6581 5073 7491 3287 5484 5154 1931 4686 6126 3521 6541 8032 253 8893 8986 7178 819
26 5233 5889 7060 6351 9241 3225 7915 7869 8689 2547 5488 7388 3723 274 1828 6387 5139 6662 8157 5217 3352 7604 172 8928 7608 8194
25 9440 1339 7244 9790 4030 4487 9990 789 4958 546 292 198 4779 4112 2419 9647 5799 7067 3750 8127 3478 6916 65 5698 98
29 9764 9756 8745 1024 7621 8958 250 1354 7709 4178 4914 4985 5427 3801 7853 86 9507 1161 3276 6777 5421 9541 9399 2953 8247 7677 3072 9015 7911
25 7613 7787 5462 9397 2221 1487 901 7097 8358 7267 8604 6735 5230 7018 1050 1743 5625 1987 6679 1005 374 2691 3120 9650 6405
23 8246 1768 9732 8204 5671 9546 6979 7468 1749 1585 924 1905 3344 4780 8537 8825 7137 5190 7857 4407 9894 9841 531
27 4574 5209 8130 5999 4677 6622 185 2433 2281 8122 3606 8616 6386 6508 6156 2872 830 5340 4187 8403 5203 6254 6782 2844 8596 870 496
26 4634 2069 1410 1597 6876 3881 513 2794 6230 5749 1861 644 8352 5072 4727 2407 2118 7366 4220 8863 8763 8823 7518 9723 6149 8696
27 4759 4766 4803 4123 232 6105 9892 4348 1020 1683 1799 5259 4617 9355 2290 7292 1710 4023 3395 7269 2588 2694 8749 9045 8105 5042 6301
26 1143 9940 6382 7769 6727 402 5512 1120 3313 3986 7771 832 8807 5540 8276 7829 9706 847 1561 7140 3688 3848 2398 4437 9388 2565
27 1030 49 9592 8765 3667 2745 1541 1882 9554 9870 8013 4657 2148 4425 1853 3662 9262 5655 463 2172 6122 1843 3977 442 2275 1875 5453
29 7545 3833 6416 540 2535 397 4795 4083 9317 5222 84 2276 7712 3054 1068 6282 8667 6965 1471 3397 9379 7252 3081 2104 5569 4352 1211 7996 4087
27 9561 2954 16 8237 9027 675 3040 6186 4900 5189 6918 8552 5579 8066 4633 9214 7273 9509 9901 1159 3864 8323 1812 6495 2059 6390 4644
31 816 9361 5153 4050 9721 8913 6419 2917 1555 1269 8499 5584 2255 3635 1188 6502 8283 5539 2488 7127 5641 5165 1979 6101 6139 8527 8712 2008 6189 7655 4539
26 7179 6265 3855 5713 2569 703 150 2207 6666 4882 3284 2724 4776 8996 8041 6127 6870 9938 5518 695 3157 3717 6068 3161 1665 470
27 2766 3656 7929 2042 1961 43 9350 4004 6097 532 2178 7877 109 6757 2949 2727 7365 3125 7333 122 1090 5145 2987 1347 6305 1697 7540
27 1415 5334 4458 4 2394 8201 8873 2541 5434 5314 7082 9309 2428 6048 1376 9465 4359 5288 2750 6700 7657 4012 4993 517 321 869 5921
25 9688 7329 1250 1430 5022 2313 8262 7419 5509 8159 4376 8185 639 7200 4164 7189 2112 9519 8962 7523 2311 7726 1672 2956 9784
29 1387 2330 6928 5483 8910 7259 3949 9395 4025 9499 1849 4047 8507 3629 861 1461 9681 7673 8804 6839 748 723 7897 2885 1937 6311 7029 4586 5644
25 7566 2890 8464 2201 7065 9660 5976 1643 5404 1303 680 5152 8908 7546 9653 3433 5164 3032 9950 9766 5805 677 8062 7315 4188
26 4662 3772 8052 6000 3733 8957 5759 7392 6872 4990 8861 710 7077 3963 9513 6343 9875 2543 1381 4624 8955 9947 6762 8514 5836 6632
25 8896 9131 4480 6718 4076 9272 2161 3069 2629 310 7340 9118 1726 2484 8116 3539 7959 7786 6825 7498 889 2749 5774 4708 5208
28 5130 5213 6003 2640 5360 5916 2194 9854 1259 5322 521 9809 9287 1936 4167 8707 1781 307 913 5858 1438 757 5319 3084 7457 2329 5178 9481
32 8394 1531 6463 9095 1715 6255 8257 2591 107 9415 4521 2722 5474 3055 115 1929 125 7586 2527 5880 2929 9641 495 1513 6636 7799 2964 9208 9586 7123 764 7796
27 8653 2649 1809 931 8681 1131 3997 1306 6606 8008 5768 9458 6892 99 3978 7437 3615 5047 2958 6805 5922 195 5402 5633 6881 5779 7460
28 1595 8710 1051 9382 3610 6566 8442 4724 2788 9376 4665 7531 5395 2589 4743 4414 8720 6336 3638 3566 3189 7263 9061 808 4961 9912 2925 8799
29 6488 5886 8875 9627 5318 5348 572 4672 3158 3565 4223 8824 9833 8446 7948 7184 9893 3327 8199 5444 8397 4859 543 3838 9524 1227 1079 3540 2288
27 3452 336 8841 6790 2992 9184 6436 8477 6263 7352 4582 3241 8842 1137 8534 6712 9144 3550 4225 4772 8965 7074 1281 1765 2544 6650 7502
29 3782 1113 5669 3763 6922 3332 5863 9936 9725 4325 4792 7776 8691 7884 1401 998 9197 3650 583 5463 9614 2277 9132 9193 2360 7100 1540 2901 3708
28 8948 7014 3866 2906 2555 289 6676 3299 5168 4272 636 8989 2967 4276 1606 6725 6734 3077 2035 7145 5184 9291 2393 6573 3985 2532 6843 2103
30 4474 1186 460 238 3348 1730 3481 5547 3431 2188 6018 4601 8601 234 2631 4522 5252 1955 776 6605 118 4426 6103 3527 9705 396 5780 8619 5681 3595
